8
8
8
4 5 6 7 8
3 5 6 7 8
3 4 6 7 8
3 4 5 7 8
3 4 5 6 8
1 2 3 4 5 6 7

7
7
3 4 5 6 7
2 4 5 6 7
2 3 5 6 7
2 3 4 6 7
2 3 4 5 7
1 2 3 4 5 6

7
3 4 5 6 7
3 4 5 6 7
1 2 4 5 6 7
1 2 3 5 6 7
1 2 3 4 6 7
1 2 3 4 5 7
1 2 3 4 5 6

8
4 5 6 7 8
4 5 6 7 8
4 5 6 7 8
1 2 3 5 6 7 8
1 2 3 4 6 7 8
1 2 3 4 5 7 8
1 2 3 4 5 6 8
1 2 3 4 5 6 7

10
2 3 4 5 6 7 8
1 4 5 6 7 8 9
1 4 5 6 7 8 10
1 2 3 5 6 9 10
1 2 3 4 7 9 10
1 2 3 4 8 9 10
1 2 3 5 8 9 10
1 2 3 6 7 9 10
2 4 5 6 7 8 10
3 4 5 6 7 8 9

8
2 3 6 7 8
1 4 6 7 8
1 5 6 7 8
2 5 6 7 8
3 4 6 7 8
1 2 3 4 5 7 8
1 2 3 4 5 6 8
1 2 3 4 5 6 7

6
2 3 4 5 6
1 3 4 5 6
1 2 4 5 6
1 2 3 5 6
1 2 3 4 6
1 2 3 4 5

9
5 6 7 8 9
5 6 7 8 9
5 6 7 8 9
5 6 7 8 9
1 2 3 4 6 7 8 9
1 2 3 4 5 7 8 9
1 2 3 4 5 6 8 9
1 2 3 4 5 6 7 9
1 2 3 4 5 6 7 8

10
6 7 8 9 10
6 7 8 9 10
6 7 8 9 10
6 7 8 9 10
6 7 8 9 10
1 2 3 4 5 7 8 9 10
1 2 3 4 5 6 8 9 10
1 2 3 4 5 6 7 9 10
1 2 3 4 5 6 7 8 10
1 2 3 4 5 6 7 8 9

10
10
10
10
10
6 7 8 9 10
5 7 8 9 10
5 6 8 9 10
5 6 7 9 10
5 6 7 8 10
1 2 3 4 5 6 7 8 9

9
9
9
9
5 6 7 8 9
4 6 7 8 9
4 5 7 8 9
4 5 6 8 9
4 5 6 7 9
1 2 3 4 5 6 7 8

7
6 7
3 4 5 6 7
2 4 5 6 7
2 3 5 6 7
2 3 4 6 7
1 2 3 4 5 7
1 2 3 4 5 6

7
5 6 7
3 4 5 6 7
2 4 5 6 7
2 3 5 6 7
1 2 3 4 6 7
1 2 3 4 5 7
1 2 3 4 5 6

7
4 5 6 7
3 4 5 6 7
2 4 5 6 7
1 2 3 5 6 7
1 2 3 4 6 7
1 2 3 4 5 7
1 2 3 4 5 6

30
2 3 4 5 6 7 8 9 10 11 12 13 14 15 16 17 18 19 20 21
1 3 4 5 6 7 8 9 10 11 12 18 19 22 23 24 25 26 27 28
1 2 5 6 7 8 11 12 13 16 17 20 21 22 25 26 27 28 29 30
1 2 5 6 7 8 11 12 13 16 17 20 21 22 25 26 27 28 29 30
1 2 3 4 9 10 11 12 13 14 15 20 21 22 23 24 27 28 29 30
1 2 3 4 9 10 11 12 13 14 15 20 21 22 23 24 27 28 29 30
1 2 3 4 9 10 13 14 15 16 17 18 19 22 23 24 27 28 29 30
1 2 3 4 9 10 13 14 15 16 17 18 19 22 23 24 27 28 29 30
1 2 5 6 7 8 13 14 15 16 17 20 21 22 23 24 25 26 29 30
1 2 5 6 7 8 13 14 15 16 17 20 21 22 23 24 25 26 29 30
1 2 3 4 5 6 13 14 15 16 17 18 19 22 23 24 25 26 29 30
1 2 3 4 5 6 13 14 15 16 17 18 19 22 23 24 25 26 29 30
1 3 4 5 6 7 8 9 10 11 12 18 19 22 23 24 25 26 27 28
1 5 6 7 8 9 10 11 12 16 17 18 19 22 25 26 27 28 29 30
1 5 6 7 8 9 10 11 12 16 17 18 19 22 25 26 27 28 29 30
1 3 4 7 8 9 10 11 12 14 15 20 21 22 23 24 25 26 27 28
1 3 4 7 8 9 10 11 12 14 15 20 21 22 23 24 25 26 27 28
1 2 7 8 11 12 13 14 15 20 21 22 23 24 25 26 27 28 29 30
1 2 7 8 11 12 13 14 15 20 21 22 23 24 25 26 27 28 29 30
1 3 4 5 6 9 10 16 17 18 19 22 23 24 25 26 27 28 29 30
1 3 4 5 6 9 10 16 17 18 19 22 23 24 25 26 27 28 29 30
2 3 4 5 6 7 8 9 10 11 12 13 14 15 16 17 18 19 20 21
2 5 6 7 8 9 10 11 12 13 16 17 18 19 20 21 27 28 29 30
2 5 6 7 8 9 10 11 12 13 16 17 18 19 20 21 27 28 29 30
2 3 4 9 10 11 12 13 14 15 16 17 18 19 20 21 27 28 29 30
2 3 4 9 10 11 12 13 14 15 16 17 18 19 20 21 27 28 29 30
2 3 4 5 6 7 8 13 14 15 16 17 18 19 20 21 23 24 25 26
2 3 4 5 6 7 8 13 14 15 16 17 18 19 20 21 23 24 25 26
3 4 5 6 7 8 9 10 11 12 14 15 18 19 20 21 23 24 25 26
3 4 5 6 7 8 9 10 11 12 14 15 18 19 20 21 23 24 25 26

36
2 3 4 5 6 7 8 9 10 11 12 13 14 15
1 3 4 5 6 16 17 18 19 20 21 22 23 24
1 2 10 12 15 20 21 23 27 29 31 32 35 36
1 2 10 13 14 20 22 24 28 30 31 32 33 34
1 2 11 12 14 19 21 24 25 26 29 30 34 35
1 2 11 13 15 19 22 23 25 26 27 28 33 36
1 10 11 12 13 16 17 18 23 24 27 30 34 36
1 10 11 14 15 16 17 18 21 22 28 29 33 35
1 12 13 14 15 16 17 18 19 20 25 26 31 32
1 3 4 7 8 16 19 20 25 26 27 28 29 30
1 5 6 7 8 16 19 20 31 32 33 34 35 36
1 3 5 7 9 17 21 22 25 27 28 31 33 34
1 4 6 7 9 17 21 22 26 29 30 32 35 36
1 4 5 8 9 18 23 24 25 27 28 32 35 36
1 3 6 8 9 18 23 24 26 29 30 31 33 34
2 7 8 9 10 11 21 22 23 24 25 26 31 32
2 7 8 9 12 13 19 20 23 24 28 29 33 35
2 7 8 9 14 15 19 20 21 22 27 30 34 36
2 5 6 9 10 11 17 18 27 28 29 30 31 32
2 3 4 9 10 11 17 18 25 26 33 34 35 36
2 3 5 8 12 13 16 18 26 28 30 32 33 36
2 4 6 8 12 13 16 18 25 27 29 31 34 35
2 3 6 7 14 15 16 17 25 28 30 32 34 35
2 4 5 7 14 15 16 17 26 27 29 31 33 36
5 6 9 10 12 14 16 20 22 23 29 30 33 36
5 6 9 10 13 15 16 20 21 24 27 28 34 35
3 6 7 10 12 14 18 19 22 24 26 32 33 35
4 6 8 10 12 14 17 19 21 23 26 31 34 36
3 5 8 10 13 15 17 19 22 24 25 32 34 36
4 5 7 10 13 15 18 19 21 23 25 31 33 35
3 4 9 11 12 15 16 19 22 24 28 30 35 36
3 4 9 11 13 14 16 19 21 23 27 29 33 34
4 6 8 11 12 15 17 20 21 24 25 27 30 32
4 5 7 11 12 15 18 20 22 23 26 28 29 32
3 5 8 11 13 14 17 20 22 23 26 27 30 31
3 6 7 11 13 14 18 20 21 24 25 28 29 31

27
2 3 4 5 6 7 8 9 10 11
1 3 12 13 14 15 16 17 18 19
1 2 20 21 22 23 24 25 26 27
1 5 12 13 14 15 20 21 22 23
1 4 16 17 18 19 24 25 26 27
1 7 12 13 16 17 20 21 24 25
1 6 14 15 18 19 22 23 26 27
1 9 12 14 16 18 20 22 24 26
1 8 13 15 17 19 21 23 25 27
1 11 12 15 17 18 21 22 24 27
1 10 13 14 16 19 20 23 25 26
2 4 6 8 10 19 23 25 26 27
2 4 6 9 11 18 22 24 26 27
2 4 7 8 11 17 21 24 25 27
2 4 7 9 10 16 20 24 25 26
2 5 6 8 11 15 21 22 23 27
2 5 6 9 10 14 20 22 23 26
2 5 7 8 10 13 20 21 23 25
2 5 7 9 11 12 20 21 22 24
3 4 6 8 11 15 17 18 19 27
3 4 6 9 10 14 16 18 19 26
3 4 7 8 10 13 16 17 19 25
3 4 7 9 11 12 16 17 18 24
3 5 6 8 10 13 14 15 19 23
3 5 6 9 11 12 14 15 18 22
3 5 7 8 11 12 13 15 17 21
3 5 7 9 10 12 13 14 16 20

40
2 3 4 5 6 7 8 9 10 11 12 13
1 3 4 14 15 16 17 18 19 20 21 22
1 2 4 23 27 28 35 36 37 38 39 40
1 2 3 24 25 26 29 30 31 32 33 34
1 8 9 16 19 21 23 25 31 34 39 40
1 11 12 14 17 18 23 26 32 33 39 40
1 10 13 15 20 22 23 24 29 30 39 40
1 5 9 14 17 18 24 27 29 30 35 37
1 5 8 15 20 22 26 28 32 33 36 38
1 7 13 14 17 18 25 28 31 34 36 38
1 6 12 16 19 21 24 28 29 30 36 38
1 6 11 15 20 22 25 27 31 34 35 37
1 7 10 16 19 21 26 27 32 33 35 37
2 6 8 10 20 21 23 26 30 31 37 38
2 7 9 12 18 19 23 24 32 34 37 38
2 5 11 13 17 22 23 25 29 33 37 38
2 6 8 10 16 22 24 28 32 34 35 40
2 6 8 10 15 19 25 27 29 33 36 39
2 5 11 13 15 18 26 28 30 31 35 40
2 7 9 12 14 21 25 28 29 33 35 40
2 5 11 13 14 20 24 27 32 34 36 39
2 7 9 12 16 17 26 27 30 31 36 39
3 5 6 7 14 15 16 24 25 26 27 28
4 7 8 11 15 17 21 23 31 33 35 36
4 5 10 12 16 18 20 23 30 32 35 36
4 6 9 13 14 19 22 23 29 34 35 36
3 8 12 13 18 21 22 23 28 29 31 32
3 9 10 11 17 19 20 23 27 30 33 34
4 7 8 11 16 18 20 26 27 34 38 40
4 7 8 11 14 19 22 25 28 32 37 39
4 5 10 12 14 19 22 24 27 33 38 40
4 6 9 13 15 17 21 25 27 30 38 40
4 6 9 13 16 18 20 24 28 31 37 39
4 5 10 12 15 17 21 26 28 29 37 39
3 8 12 13 17 19 20 24 25 26 38 39
3 9 10 11 18 21 22 24 25 26 37 40
3 8 12 13 14 15 16 30 33 34 36 40
3 9 10 11 14 15 16 29 31 32 35 39
3 5 6 7 18 21 22 30 33 34 35 38
3 5 6 7 17 19 20 29 31 32 36 37

34
23 24 25 26 27 28 29 30 31 32 33 34
8 9 10 11 20 21 23 24 25 26 27 28
8 12 13 16 20 22 23 27 29 31 32 33
9 14 15 17 20 22 24 27 29 32 33 34
10 12 14 18 21 22 25 28 30 31 32 34
11 13 15 19 21 22 26 28 30 31 33 34
16 17 18 19 20 21 23 24 25 26 29 30
2 3 14 15 17 18 19 20 23 24 27 29 30 34
2 4 12 13 16 18 19 20 23 24 27 29 30 31
2 5 13 15 16 17 19 21 25 26 28 29 30 33
2 6 12 14 16 17 18 21 25 26 28 29 30 32
3 5 9 11 15 17 19 22 24 26 31 32 33 34
3 6 9 10 14 17 18 22 24 25 31 32 33 34
4 5 8 11 13 16 19 22 23 26 31 32 33 34
4 6 8 10 12 16 18 22 23 25 31 32 33 34
3 7 9 10 11 14 15 20 23 24 27 28 29 34
4 7 8 10 11 12 13 20 23 24 27 28 29 31
5 7 8 9 11 13 15 21 25 26 27 28 30 33
6 7 8 9 10 12 14 21 25 26 27 28 30 32
2 3 4 7 8 9 16 17 21 22 25 26 28 30 31 32 33 34
2 5 6 7 10 11 18 19 20 22 23 24 27 29 31 32 33 34
3 4 5 6 12 13 14 15 20 21 23 24 25 26 27 28 29 30
1 2 3 7 8 9 14 15 16 17 21 22 28 30 31 32 33 34
1 2 4 7 8 9 12 13 16 17 21 22 28 30 31 32 33 34
1 2 5 7 10 11 13 15 18 19 20 22 27 29 31 32 33 34
1 2 6 7 10 11 12 14 18 19 20 22 27 29 31 32 33 34
1 2 3 4 8 9 16 17 18 19 21 22 25 26 28 30 31 34
1 2 5 6 10 11 16 17 18 19 20 22 23 24 27 29 32 33
1 3 4 7 8 9 10 11 16 17 21 22 25 26 28 30 31 34
1 5 6 7 8 9 10 11 18 19 20 22 23 24 27 29 32 33
1 3 5 6 9 12 13 14 15 17 20 21 23 24 25 26 27 29
1 3 4 5 11 12 13 14 15 19 20 21 23 24 25 26 28 30
1 3 4 6 10 12 13 14 15 18 20 21 23 24 25 26 28 30
1 4 5 6 8 12 13 14 15 16 20 21 23 24 25 26 27 29

17
2 3 4 5 6 7 8 9
1 3 4 5 10 11 12 13
1 2 7 9 10 13 16 17
1 2 6 8 12 13 15 16
1 2 8 9 11 12 14 17
1 4 7 9 10 12 14 15
1 3 6 8 10 11 14 16
1 4 5 7 11 15 16 17
1 3 5 6 13 14 15 17
2 3 6 7 11 12 15 17
2 5 7 8 10 13 14 15
2 4 5 6 10 14 16 17
2 3 4 9 11 14 15 16
5 6 7 9 11 12 13 16
4 6 8 9 10 11 13 17
3 4 7 8 12 13 14 17
3 5 8 9 10 12 15 16

10
2 7 8 9 10
1 7 8 9 10
4 7 8 9 10
3 7 8 9 10
6 7 8 9 10
5 7 8 9 10
1 2 3 4 5 6 8 9 10
1 2 3 4 5 6 7 9 10
1 2 3 4 5 6 7 8 10
1 2 3 4 5 6 7 8 9

10
5 6 7
5 6 7
8 9 10
8 9 10
1 2 6 7 8 9 10
1 2 5 7 8 9 10
1 2 5 6 8 9 10
3 4 5 6 7 9 10
3 4 5 6 7 8 10
3 4 5 6 7 8 9

10
5 6 7
5 8 9
6 8 10
7 9 10
1 2 6 7 8 9 10
1 3 5 7 8 9 10
1 4 5 6 8 9 10
2 3 5 6 7 9 10
2 4 5 6 7 8 10
3 4 5 6 7 8 9

10
10
6 7 10
8 9 10
6 7 8 9
6 7 8 9 10
2 4 5 7 8 9 10
2 4 5 6 8 9 10
3 4 5 6 7 9 10
3 4 5 6 7 8 10
1 2 3 5 6 7 8 9

11
2 3 4 5 10 11
1 3 4 5 10 11
1 2 6 7 10 11
1 2 6 7 10 11
1 2 8 9 10 11
3 4 8 9 10 11
3 4 8 9 10 11
5 6 7 9 10 11
5 6 7 8 10 11
1 2 3 4 5 6 7 8 9 11
1 2 3 4 5 6 7 8 9 10

11
8 9 10 11
3 4 5 8 9 11
2 4 6 8 10 11
2 3 7 9 10 11
2 6 7 8 9 11
3 5 7 8 10 11
4 5 6 9 10 11
1 2 3 5 6 9 10 11
1 2 4 5 7 8 10 11
1 3 4 6 7 8 9 11
1 2 3 4 5 6 7 8 9 10

11
2 3 4 5 10 11
1 3 6 7 10 11
1 2 8 9 10 11
1 6 7 8 10 11
1 6 7 9 10 11
2 4 5 8 10 11
2 4 5 9 10 11
3 4 6 9 10 11
3 5 7 8 10 11
1 2 3 4 5 6 7 8 9 11
1 2 3 4 5 6 7 8 9 10

11
2 5 9 10
1 6 9 10
4 7 9 11
3 8 9 11
1 6 7 8 10 11
2 5 7 8 10 11
3 5 6 8 10 11
4 5 6 7 10 11
1 2 3 4 10 11
1 2 5 6 7 8 9 11
3 4 5 6 7 8 9 10

11
11
11
7 8
9 10
7 8 9 10 11
7 8 9 10 11
3 5 6 8 9 10 11
3 5 6 7 9 10 11
4 5 6 7 8 10 11
4 5 6 7 8 9 11
1 2 5 6 7 8 9 10

12
2 3 4 5 6 7 8 9 10
1 3 5 6 7 8 9 10 11
1 2 5 6 7 8 9 10 12
1 5 6 7 8 9 10 11 12
1 2 3 4 6 7 8 11 12
1 2 3 4 5 7 9 11 12
1 2 3 4 5 6 10 11 12
1 2 3 4 5 9 10 11 12
1 2 3 4 6 8 10 11 12
1 2 3 4 7 8 9 11 12
2 4 5 6 7 8 9 10 12
3 4 5 6 7 8 9 10 11

12
2 3 4 5 6 7 8 9 10 11
1 3 4 5 6 7 8 9 10 12
1 2 4 5 6 7 8 9 11 12
1 2 3 5 6 7 8 10 11 12
1 2 3 4 6 7 9 10 11 12
1 2 3 4 5 8 9 10 11 12
1 2 3 4 5 8 9 10 11 12
1 2 3 4 6 7 9 10 11 12
1 2 3 5 6 7 8 10 11 12
1 2 4 5 6 7 8 9 11 12
1 3 4 5 6 7 8 9 10 12
2 3 4 5 6 7 8 9 10 11

12
2 3 4 5 6 7 8 9
1 3 4 5 6 8 9 11
1 2 4 5 7 8 9 12
1 2 3 5 7 9 10 12
1 2 3 4 6 9 10 11
1 2 5 7 8 10 11 12
1 3 4 6 8 10 11 12
1 2 3 6 7 10 11 12
1 2 3 4 5 10 11 12
4 5 6 7 8 9 11 12
2 5 6 7 8 9 10 12
3 4 6 7 8 9 10 11

12
2 3 4 5 6 7
1 3 4 5 6 8
1 2 4 5 6 9
1 2 3 5 6 10
1 2 3 4 6 11
1 2 3 4 5 12
1 8 9 10 11 12
2 7 9 10 11 12
3 7 8 10 11 12
4 7 8 9 11 12
5 7 8 9 10 12
6 7 8 9 10 11

12
2 3 4 5 6 7 8 9
1 3 4 5 6 7 8 9
1 2 4 5 6 7 8 9
1 2 3 5 6 10 11 12
1 2 3 4 6 10 11 12
1 2 3 4 5 10 11 12
1 2 3 8 9 10 11 12
1 2 3 7 9 10 11 12
1 2 3 7 8 10 11 12
4 5 6 7 8 9 11 12
4 5 6 7 8 9 10 12
4 5 6 7 8 9 10 11

12
2 3 4 5 6 7 8
1 3 4 5 6 7 8
1 2 4 5 6 9 10
1 2 3 5 6 9 10
1 2 3 4 6 11 12
1 2 3 4 5 11 12
1 2 8 9 10 11 12
1 2 7 9 10 11 12
3 4 7 8 10 11 12
3 4 7 8 9 11 12
5 6 7 8 9 10 12
5 6 7 8 9 10 11

12
2 11 12
1 11 12
4 7 8 9 11
3 7 8 10 11
6 7 9 10 12
5 8 9 10 12
3 4 5 8 9 10 11 12
3 4 6 7 9 10 11 12
3 5 6 7 8 10 11 12
4 5 6 7 8 9 11 12
1 2 3 4 7 8 9 10 12
1 2 5 6 7 8 9 10 11

12
6 9 10 11 12
7 9 10 11 12
8 9 10 11 12
6 7 8 10 11 12
6 7 8 10 11 12
1 4 5 9 10 11 12
2 4 5 9 10 11 12
3 4 5 9 10 11 12
1 2 3 6 7 8 10 11 12
1 2 3 4 5 6 7 8 9 11 12
1 2 3 4 5 6 7 8 9 10 12
1 2 3 4 5 6 7 8 9 10 11

12
2 3 4 5
1 6 7 8 9 10
1 6 7 8 11 12
1 6 7 8 9 10 11 12
1 6 7 8 9 10 11 12
2 3 4 5 9 10 11 12
2 3 4 5 9 10 11 12
2 3 4 5 9 10 11 12
2 4 5 6 7 8 10 11 12
2 4 5 6 7 8 9 11 12
3 4 5 6 7 8 9 10 12
3 4 5 6 7 8 9 10 11

12
10 11 12
10 11 12
4 5 6 7 10 11 12
3 5 6 7 10 11 12
3 4 8 9 10 11 12
3 4 8 9 10 11 12
3 4 8 9 10 11 12
5 6 7 9 10 11 12
5 6 7 8 10 11 12
1 2 3 4 5 6 7 8 9 11 12
1 2 3 4 5 6 7 8 9 10 12
1 2 3 4 5 6 7 8 9 10 11

12
2 3 4 5 6 7 8 9 10
1 3 4 5 6 7 8 9 10
1 2 4 5 6 7 8 11 12
1 2 3 5 6 7 8 11 12
1 2 3 4 6 9 10 11 12
1 2 3 4 5 9 10 11 12
1 2 3 4 8 9 10 11 12
1 2 3 4 7 9 10 11 12
1 2 5 6 7 8 10 11 12
1 2 5 6 7 8 9 11 12
3 4 5 6 7 8 9 10 12
3 4 5 6 7 8 9 10 11

12
2 3 4 5 6 7 8
1 3 4 5 6 7 12
1 2 4 5 6 8 12
1 2 3 5 6 9 10
1 2 3 4 6 9 11
1 2 3 4 5 10 11
1 2 8 9 10 11 12
1 3 7 9 10 11 12
4 5 7 8 10 11 12
4 6 7 8 9 11 12
5 6 7 8 9 10 12
2 3 7 8 9 10 11

12
11
12
10 11
10 12
8 9 10
8 9 11 12
8 9 10 11 12
5 6 7 9 10 11 12
5 6 7 8 10 11 12
3 4 5 7 8 9 11 12
1 3 6 7 8 9 10 12
2 4 6 7 8 9 10 11

12
10 11 12
3 4 5 8 10 11
2 4 6 8 10 12
2 3 7 8 11 12
2 6 7 9 10 11
3 5 7 9 10 12
4 5 6 9 11 12
2 3 4 9 10 11 12
5 6 7 8 10 11 12
1 2 3 5 6 8 9 11 12
1 2 4 5 7 8 9 10 12
1 3 4 6 7 8 9 10 11

12
11
12
7 8 11 12
9 10 11 12
7 8 9 10 11
7 8 9 10 12
3 5 6 8 9 10 11 12
3 5 6 7 9 10 11 12
4 5 6 7 8 10 11 12
4 5 6 7 8 9 11 12
1 3 4 5 7 8 9 10 12
2 3 4 6 7 8 9 10 11

12
2 3
1 3 6 7 10 11 12
1 2 8 9 10 11 12
5 6 7 8 9 10 12
4 6 7 8 9 11 12
2 4 5 7 8 10 11 12
2 4 5 6 9 10 11 12
3 4 5 6 9 10 11 12
3 4 5 7 8 10 11 12
2 3 4 6 7 8 9 11 12
2 3 5 6 7 8 9 10 12
2 3 4 5 6 7 8 9 10 11

12
4 5 6
3 7 8 9 10
2 7 8 11 12
1 5 6 9 10 11 12
1 4 6 9 10 11 12
1 4 5 9 10 11 12
2 3 8 9 10 11 12
2 3 7 9 10 11 12
2 4 5 6 7 8 10 11
2 4 5 6 7 8 9 12
3 4 5 6 7 8 9 12
3 4 5 6 7 8 10 11

12
5 6 7
3 4 8 10 11
2 4 8 9 10 12
2 3 8 9 11 12
1 6 7 9 10 11 12
1 5 7 9 10 11 12
1 5 6 9 10 11 12
2 3 4 9 10 11 12
3 4 5 6 7 8 12
2 3 5 6 7 8 11 12
2 4 5 6 7 8 10 12
3 4 5 6 7 8 9 10 11

12
2 3 4 5
1 3 6 8
1 2 7 9
1 5 6 7 10 11 12
1 4 8 9 10 11 12
2 4 7 8 10 11 12
3 4 6 9 10 11 12
2 5 6 9 10 11 12
3 5 7 8 10 11 12
4 5 6 7 8 9 11 12
4 5 6 7 8 9 10 12
4 5 6 7 8 9 10 11

12
2 7 10 11
1 7 10 12
4 8 10 11 12
3 9 10 11 12
6 7 8 9 11 12
5 7 8 9 11 12
1 2 5 6 11 12
3 5 6 9 10 11 12
4 5 6 8 10 11 12
1 2 3 4 8 9 11 12
1 3 4 5 6 7 8 9 10 12
2 3 4 5 6 7 8 9 10 11

12
2 3 4 9 10
1 3 4 9 11
1 2 4 10 12
1 2 3 11 12
6 7 8 9 10 11 12
5 7 8 9 10 11 12
5 6 8 9 10 11 12
5 6 7 9 10 11 12
1 2 5 6 7 8 10 11
1 3 5 6 7 8 9 12
2 4 5 6 7 8 9 12
3 4 5 6 7 8 10 11

12
2 3 9 10
1 4 9 11
1 4 10 12
2 3 11 12
6 7 9 10 11 12
5 8 9 10 11 12
5 8 9 10 11 12
6 7 9 10 11 12
1 2 5 6 7 8 10 11 12
1 3 5 6 7 8 9 11 12
2 4 5 6 7 8 9 10 12
3 4 5 6 7 8 9 10 11

12
11 12
3 4 5 8
2 6 7 8 9 10
2 5 8 9 11 12
2 4 8 10 11 12
3 7 8 9 10 11 12
3 6 8 9 10 11 12
2 3 4 5 6 7 9 10
3 4 6 7 8 10 11 12
3 5 6 7 8 9 11 12
1 4 5 6 7 9 10 12
1 4 5 6 7 9 10 11

12
4 5
3 7
2 8
1 6 9 10
1 6 11 12
4 5 9 10 11 12
2 8 9 10 11 12
3 7 9 10 11 12
4 6 7 8 10 11 12
4 6 7 8 9 11 12
5 6 7 8 9 10 12
5 6 7 8 9 10 11

12
2 11
1 12
4 9 10
3 9 10
6 9 11 12
5 10 11 12
8 9 10 11 12
7 9 10 11 12
3 4 5 7 8 10 11 12
3 4 6 7 8 9 11 12
1 5 6 7 8 9 10 12
2 5 6 7 8 9 10 11

12
4 12
4 12
9 10 11 12
1 2 5 6 11 12
4 7 8 9 10 11
4 7 8 9 10 11
5 6 8 9 10 11 12
5 6 7 9 10 11 12
3 5 6 7 8 10 11 12
3 5 6 7 8 9 11 12
3 4 5 6 7 8 9 10 12
1 2 3 4 7 8 9 10 11

12
10 11
3 4 5 6
2 4 5 10 11 12
2 3 6 10 11 12
2 3 6 7 8 9 12
2 4 5 7 8 9 12
5 6 8 9 10 11 12
5 6 7 9 10 11 12
5 6 7 8 10 11 12
1 3 4 7 8 9 11 12
1 3 4 7 8 9 10 12
3 4 5 6 7 8 9 10 11

12
2 3 9 10
1 4 10 12
1 4 11 12
2 3 9 11
6 7 9 10 11 12
5 8 9 10 11 12
5 8 9 10 11 12
6 7 9 10 11 12
1 4 5 6 7 8 10 11 12
1 2 5 6 7 8 9 11 12
3 4 5 6 7 8 9 10 12
2 3 5 6 7 8 9 10 11

12
5
3 11
2 5 12
6 9 11 12
1 3 6 10 12
4 5 10 11 12
8 9 10 11 12
7 9 10 11 12
4 7 8 10 11 12
5 6 7 8 9 11 12
2 4 6 7 8 9 10 12
3 4 5 6 7 8 9 10 11

12
2 3 10
1 3 11
1 2 12
10 11 12
10 11 12
10 11 12
8 9 10 11 12
7 9 10 11 12
7 8 10 11 12
1 4 5 6 7 8 9 11 12
2 4 5 6 7 8 9 10 12
3 4 5 6 7 8 9 10 11

12
7 10
8 9
5 7 8 11 12
6 7 8 11 12
3 9 10 11 12
4 9 10 11 12
1 3 4 8 9 10 11 12
2 3 4 7 9 10 11 12
2 5 6 7 8 10 11 12
1 5 6 7 8 9 11 12
3 4 5 6 7 8 9 10 12
3 4 5 6 7 8 9 10 11

12
11 12
11 12
11 12
7 8
9 10
7 8 9 10
4 6 8 9 10 11 12
4 6 7 9 10 11 12
5 6 7 8 10 11 12
5 6 7 8 9 11 12
1 2 3 7 8 9 10 12
1 2 3 7 8 9 10 11

12
8 12
9 12
8 9 10 11
5 6 7 10 11 12
4 6 7 10 11 12
4 5 8 10 11 12
4 5 9 10 11 12
1 3 6 9 10 11 12
2 3 7 8 10 11 12
3 4 5 6 7 8 9 11 12
3 4 5 6 7 8 9 10 12
1 2 4 5 6 7 8 9 10 11

12
2 3 7 8
1 3 7 12
1 2 8 12
5 6 9 10
4 6 9 11
4 5 10 11
1 2 8 9 10 11 12
1 3 7 9 10 11 12
4 5 7 8 10 11 12
4 6 7 8 9 11 12
5 6 7 8 9 10 12
2 3 7 8 9 10 11

12
2 3 7 8
1 5 9 10
1 6 11 12
5 6 7 8
2 4 11 12
3 4 9 10
1 4 8 9 10 11 12
1 4 7 9 10 11 12
2 6 7 8 10 11 12
2 6 7 8 9 11 12
3 5 7 8 9 10 12
3 5 7 8 9 10 11

12
2 7 11 12
1 8 9 10
4 5 6 7 11 12
3 5 6 7 11 12
3 4 6 8 9 10
3 4 5 8 9 10
1 3 4 8 9 10 11 12
2 5 6 7 9 10 11 12
2 5 6 7 8 10 11 12
2 5 6 7 8 9 11 12
1 3 4 7 8 9 10 12
1 3 4 7 8 9 10 11

12
2 3 4 9 10
1 3 4 9 11
1 2 4 10 12
1 2 3 11 12
6 7 8 9 10 11 12
5 7 8 9 10 11 12
5 6 8 9 10 11 12
5 6 7 9 10 11 12
1 2 5 6 7 8 11 12
1 3 5 6 7 8 11 12
2 4 5 6 7 8 9 10
3 4 5 6 7 8 9 10

12
2 3 4 5
1 3 6 9
1 2 7 8
1 5 6 8 10 11 12
1 4 7 9 10 11 12
2 4 7 8 10 11 12
3 5 6 9 10 11 12
3 4 6 9 10 11 12
2 5 7 8 10 11 12
4 5 6 7 8 9 11 12
4 5 6 7 8 9 10 12
4 5 6 7 8 9 10 11

12
2 3 4 5 6 7 8
1 3 4 5 6 9 10
1 2 4 5 7 9 11
1 2 3 6 7 9 12
1 2 3 6 8 10 11
1 2 4 5 8 10 12
1 3 4 8 9 11 12
1 5 6 7 10 11 12
2 3 4 7 10 11 12
2 5 6 8 9 11 12
3 5 7 8 9 10 12
4 6 7 8 9 10 11

12
2 7 11 12
1 8 9 10
4 5 6 7 8 9
3 5 6 7 8 11
3 4 6 9 10 12
3 4 5 10 11 12
1 3 4 8 9 10 11 12
2 3 4 7 9 10 11 12
2 3 5 7 8 10 11 12
2 5 6 7 8 9 11 12
1 4 6 7 8 9 10 12
1 5 6 7 8 9 10 11

12
2 3 7 8
1 5 7 11
1 6 8 12
5 6 9 10
2 4 10 11
3 4 9 12
1 2 8 9 10 11 12
1 3 7 9 10 11 12
4 6 7 8 10 11 12
4 5 7 8 9 11 12
2 5 7 8 9 10 12
3 6 7 8 9 10 11

12
2 3 7 12
1 3 8 11
1 2 9 10
5 6 7 8 11 12
4 6 7 9 10 12
4 5 8 9 10 11
1 4 5 8 9 10 11 12
2 4 6 7 9 10 11 12
3 5 6 7 8 10 11 12
3 5 6 7 8 9 11 12
2 4 6 7 8 9 10 12
1 4 5 7 8 9 10 11

12
2 3 7 8
1 3 9 12
1 2 10 11
5 6 9 12
4 6 10 11
4 5 7 8
1 6 8 9 10 11 12
1 6 7 9 10 11 12
2 4 7 8 10 11 12
3 5 7 8 9 11 12
3 5 7 8 9 10 12
2 4 7 8 9 10 11

18
2 3 4 5 6 7
1 5 6 7 16 17
1 4 5 6 7 18
1 3 5 6 7 18
1 2 3 4 6 7
1 2 3 4 5 7
1 2 3 4 5 6
9 13 14 15 17 18
8 10 11 12 15 18
9 12 14 15 16 17
9 12 13 14 16 17
9 10 11 13 14 16
8 11 12 14 15 16
8 10 11 12 13 15
8 9 10 13 14 17
2 10 11 12 13 18
2 8 10 11 15 18
3 4 8 9 16 17

19
2 3 4 5 6 7
1 4 7 15 16 19
1 4 5 6 17 19
1 2 3 7 16 19
1 3 6 7 18 19
1 3 5 7 17 18
1 2 4 5 6 18
9 10 11 12 13 17
8 10 11 12 13 14
8 9 11 12 13 14
8 9 10 12 13 14
8 9 10 11 13 14
8 9 10 11 12 14
9 10 11 12 13 15
2 14 16 17 18 19
2 4 15 17 18 19
3 6 8 15 16 18
5 6 7 15 16 17
2 3 4 5 15 16

18
2 3 4 5 6 7 8
1 4 6 7 8 15 18
1 5 6 7 8 16 17
1 2 5 6 7 8 18
1 3 4 6 7 8 17
1 2 3 4 5 7 8
1 2 3 4 5 6 8
1 2 3 4 5 6 7
10 11 12 13 14 17 18
9 11 12 14 16 17 18
9 10 12 13 14 15 18
9 10 11 13 14 15 17
9 11 12 14 15 16 17
9 10 11 12 13 15 16
2 11 12 13 14 16 18
3 10 13 14 15 17 18
3 5 9 10 12 13 16
2 4 9 10 11 15 16

15
2 3 4 5 6 7 8 9
1 3 4 5 6 7 8 10
1 2 4 5 6 8 10 12
1 2 3 7 8 10 12 15
1 2 3 6 9 10 13 14
1 2 3 5 10 11 12 15
1 2 4 9 10 11 13 14
1 2 3 4 10 11 13 14
1 5 7 11 12 13 14 15
2 3 4 5 6 7 8 15
6 7 8 9 12 13 14 15
3 4 6 9 11 13 14 15
5 7 8 9 11 12 14 15
5 7 8 9 11 12 13 15
4 6 9 10 11 12 13 14

16
2 3 4 5 6 7 8 9
1 3 4 6 7 8 9 16
1 2 4 5 7 9 11 12
1 2 3 5 6 8 10 12
1 3 4 6 7 8 10 11
1 2 4 5 7 8 11 12
1 2 3 5 6 10 11 12
1 2 4 5 6 13 14 15
1 2 3 10 13 14 15 16
4 5 7 9 13 14 15 16
3 5 6 7 13 14 15 16
3 4 6 7 13 14 15 16
8 9 10 11 12 14 15 16
8 9 10 11 12 13 15 16
8 9 10 11 12 13 14 16
2 9 10 11 12 13 14 15

17
2 3 4 5 6 7 8 9
1 3 4 5 6 9 10 11
1 2 4 5 7 8 10 11
1 2 3 5 6 7 10 11
1 2 3 4 8 10 11 17
1 2 4 7 10 11 16 17
1 3 4 6 12 13 14 15
1 3 5 11 12 13 14 15
1 2 10 12 13 14 15 16
2 3 4 5 6 9 11 16
2 3 4 5 6 8 10 17
7 8 9 13 14 15 16 17
7 8 9 12 14 15 16 17
7 8 9 12 13 15 16 17
7 8 9 12 13 14 16 17
6 9 10 12 13 14 15 17
5 6 11 12 13 14 15 16

19
2 3 4 5 6 7 8 9
1 7 12 13 14 15 16 19
1 9 12 13 14 15 16 18
1 5 8 9 11 17 18 19
1 4 6 8 10 11 17 18
1 5 7 8 9 10 18 19
1 2 6 8 9 17 18 19
1 4 5 6 7 9 17 19
1 3 4 6 7 8 17 19
5 6 12 13 14 15 16 18
4 5 12 13 14 15 16 17
2 3 10 11 13 14 15 16
2 3 10 11 12 14 15 16
2 3 10 11 12 13 15 16
2 3 10 11 12 13 14 16
2 3 10 11 12 13 14 15
4 5 7 8 9 11 18 19
3 4 5 6 7 10 17 19
2 4 6 7 8 9 17 18

26
2 3 4 5 6 7 8 9
1 9 21 22 23 24 25 26
1 4 16 17 18 19 20 24
1 3 8 9 18 19 20 26
1 6 7 8 9 24 25 26
1 5 7 8 9 21 22 23
1 5 6 8 9 21 22 23
1 4 5 6 7 9 25 26
1 2 4 5 6 7 8 25
11 12 13 14 15 16 19 20
10 12 13 14 15 17 19 20
10 11 13 14 15 16 17 20
10 11 12 14 15 16 17 20
10 11 12 13 15 16 17 19
10 11 12 13 14 16 17 18
3 10 12 13 14 15 18 20
3 11 12 13 14 15 18 19
3 4 15 16 17 19 20 24
3 4 10 11 14 17 18 24
3 4 10 11 12 13 16 18
2 6 7 22 23 24 25 26
2 6 7 21 23 24 25 26
2 6 7 21 22 24 25 26
2 3 5 18 19 21 22 23
2 5 8 9 21 22 23 26
2 4 5 8 21 22 23 25

28
2 3 4 5 6 7 8 9
1 3 4 8 22 24 25 26
1 2 4 9 23 25 27 28
1 2 3 5 8 26 27 28
1 4 6 7 9 26 27 28
1 5 7 8 9 26 27 28
1 5 6 8 9 26 27 28
1 2 4 6 7 9 27 28
1 3 5 6 7 8 27 28
11 12 13 19 20 21 23 24
10 12 13 19 20 21 23 24
10 11 13 19 20 21 23 24
10 11 12 14 19 20 23 24
13 15 16 17 18 21 22 24
14 16 17 18 20 21 22 24
14 15 17 18 19 21 22 25
14 15 16 18 20 21 22 25
14 15 16 17 19 20 21 23
10 11 12 13 16 18 20 22
10 11 12 13 15 17 18 19
10 11 12 14 15 16 17 18
2 14 15 16 17 19 25 26
3 10 11 12 13 18 25 26
2 10 11 12 13 14 15 25
2 3 16 17 22 23 24 26
2 4 5 6 7 22 23 25
3 4 5 6 7 8 9 28
3 4 5 6 7 8 9 27

29
2 3 4 5 6 7 8 9
1 3 4 23 24 27 28 29
1 2 4 23 24 25 27 29
1 2 3 21 22 23 24 27
1 7 8 9 25 27 28 29
1 7 8 9 25 26 27 28
1 5 6 8 9 26 28 29
1 5 6 7 9 26 28 29
1 5 6 7 8 25 26 29
11 12 13 14 15 17 19 20
10 12 13 14 15 16 19 20
10 11 13 14 15 16 17 18
10 11 12 14 15 16 17 18
10 11 12 13 15 16 17 18
10 11 12 13 14 16 17 18
11 12 13 14 15 20 22 24
10 12 13 14 15 19 20 21
12 13 14 15 20 21 22 23
10 11 17 20 21 22 23 24
10 11 16 17 18 19 21 22
4 17 18 19 20 22 23 24
4 16 18 19 20 21 23 24
2 3 4 18 19 21 22 24
2 3 4 16 19 21 22 23
3 5 6 9 26 27 28 29
6 7 8 9 25 27 28 29
2 3 4 5 6 25 26 28
2 5 6 7 8 25 26 27
2 3 5 7 8 9 25 26

16
2 3 4 5 6 7 8 9 10
1 3 4 5 6 7 8 9 16
1 2 5 6 7 8 10 14 16
1 2 5 6 7 9 10 15 16
1 2 3 4 6 9 10 14 15
1 2 3 4 5 8 10 15 16
1 2 3 4 8 9 11 12 13
1 2 3 6 7 11 12 13 14
1 2 4 5 7 11 12 13 15
1 3 4 5 6 11 12 13 14
7 8 9 10 12 13 14 15 16
7 8 9 10 11 13 14 15 16
7 8 9 10 11 12 14 15 16
3 5 8 10 11 12 13 15 16
4 5 6 9 11 12 13 14 16
2 3 4 6 11 12 13 14 15

24
2 3 4 5 6 7 8 9 10
1 3 17 18 19 20 21 22 24
1 2 17 18 19 20 21 22 24
1 7 10 13 14 18 19 20 24
1 6 8 9 10 15 22 23 24
1 5 7 8 9 10 16 23 24
1 4 6 8 9 10 21 23 24
1 5 6 7 9 10 21 23 24
1 5 6 7 8 10 12 15 16
1 4 5 6 7 8 9 22 24
12 15 17 18 19 20 21 22 23
9 11 13 14 15 17 21 22 23
4 12 14 16 17 18 19 20 23
4 12 13 15 16 17 18 19 20
5 9 11 12 14 17 21 22 23
6 9 13 14 18 19 20 21 22
2 3 11 12 13 14 15 22 23
2 3 4 11 13 14 16 19 20
2 3 4 11 13 14 16 18 20
2 3 4 11 13 14 16 18 19
2 3 7 8 11 12 15 16 24
2 3 5 10 11 12 15 16 17
5 6 7 8 11 12 13 15 17
2 3 4 5 6 7 8 10 21

21
2 3 4 5 6 7 8 9 10 11
1 3 4 5 6 12 13 14 15 16
1 2 7 10 11 12 13 15 17 18
1 2 8 9 11 12 13 14 17 19
1 2 7 10 11 14 16 19 20 21
1 2 8 9 11 15 16 18 20 21
1 3 5 8 9 12 14 15 17 20
1 4 6 7 10 13 14 15 17 21
1 4 6 7 10 12 16 18 19 20
1 3 5 8 9 13 16 18 19 21
1 3 4 5 6 17 18 19 20 21
2 3 4 7 9 14 16 17 18 21
2 3 4 8 10 15 16 17 19 20
2 4 5 7 8 12 15 18 19 21
2 3 6 7 8 13 14 18 19 20
2 5 6 9 10 12 13 17 20 21
3 4 7 8 11 12 13 16 20 21
3 6 9 10 11 12 14 15 19 21
4 5 9 10 11 13 14 15 18 20
5 6 7 9 11 13 15 16 17 19
5 6 8 10 11 12 14 16 17 18

18
2 3 4 5 6 7 8 9 10
1 3 4 5 6 7 8 9 10
1 2 4 5 6 11 12 13 14
1 2 3 5 6 11 12 13 14
1 2 3 4 6 15 16 17 18
1 2 3 4 5 15 16 17 18
1 2 8 9 10 11 12 15 16
1 2 7 9 10 11 12 15 16
1 2 7 8 10 13 14 17 18
1 2 7 8 9 13 14 17 18
3 4 7 8 12 13 14 15 16
3 4 7 8 11 13 14 15 16
3 4 9 10 11 12 14 17 18
3 4 9 10 11 12 13 17 18
5 6 7 8 11 12 16 17 18
5 6 7 8 11 12 15 17 18
5 6 9 10 13 14 15 16 18
5 6 9 10 13 14 15 16 17

24
2 3 4 5 6 13 14 15 16 17
1 7 9 11 12 13 16 17 21 23
1 8 10 11 12 14 15 17 19 21
1 9 10 11 12 18 19 20 23 24
1 6 7 9 11 15 17 20 22 24
1 5 8 10 12 14 16 22 23 24
2 5 8 10 12 13 17 19 20 22
3 6 7 9 11 14 16 18 21 24
2 4 5 8 10 13 14 18 21 23
3 4 6 7 9 13 15 19 20 21
2 3 4 5 8 15 18 19 22 24
2 3 4 6 7 16 18 20 22 23
1 2 7 9 10 14 15 16 18 19 22
1 3 6 8 9 13 17 18 19 22 23
1 3 5 10 11 13 16 18 20 21 22
1 2 6 8 12 13 15 18 20 21 24
1 2 3 5 7 14 19 20 21 23 24
4 8 9 11 12 13 14 15 16 20 22
3 4 7 10 11 13 14 17 22 23 24
4 5 7 10 12 15 16 17 18 21 24
2 3 8 9 10 15 16 17 20 23 24
5 6 7 11 12 13 14 15 18 19 23
2 4 6 9 12 14 17 19 21 22 24
4 5 6 8 11 16 17 19 20 21 23

28
2 3 4 5 6 7 8 9 10 11 12 13
1 7 9 11 16 18 20 22 24 26 27 28
1 8 10 11 17 19 21 23 25 26 27 28
1 5 6 9 10 20 21 22 23 24 25 26
1 4 7 8 13 15 16 18 21 23 26 28
1 4 7 8 12 14 17 19 20 22 26 27
1 2 5 6 13 14 16 17 19 21 25 28
1 3 5 6 12 15 16 17 18 20 24 27
1 2 4 12 13 17 18 21 22 24 25 27
1 3 4 12 13 16 19 20 23 24 25 28
1 2 3 12 13 14 15 20 21 22 23 26
1 6 8 9 10 11 14 15 18 22 25 28
1 5 7 9 10 11 14 15 19 23 24 27
6 7 11 12 13 17 18 20 23 24 25 26
5 8 11 12 13 16 19 21 22 24 25 26
2 5 7 8 10 15 17 20 22 23 25 27
3 6 7 8 9 14 16 21 22 23 24 28
2 5 8 9 12 14 19 20 21 23 27 28
3 6 7 10 13 15 18 20 21 22 27 28
2 4 6 8 10 11 14 16 18 19 21 24
3 4 5 7 9 11 15 17 18 19 20 25
2 4 6 9 11 12 15 16 17 19 23 28
3 4 5 10 11 13 14 16 17 18 22 27
2 4 8 9 10 13 14 15 17 20 26 28
3 4 7 9 10 12 14 15 16 21 26 27
2 3 4 5 6 11 14 15 24 25 27 28
2 3 6 8 9 13 16 18 19 23 25 26
2 3 5 7 10 12 17 18 19 22 24 26

36
2 3 4 5 6 7 8 9 10 11 12 13 14 15 16 17
1 20 21 22 23 24 25 26 27 28 29 30 31 32 33 34
1 5 7 8 13 14 15 20 21 28 29 31 33 34 35 36
1 6 9 10 11 12 15 20 21 27 30 32 33 34 35 36
1 3 6 11 14 16 17 22 24 25 28 30 32 33 35 36
1 4 5 12 13 16 17 22 23 26 27 29 31 34 35 36
1 3 8 9 11 12 16 18 20 22 23 24 27 31 33 35
1 3 7 10 12 13 17 19 21 22 23 26 30 32 33 36
1 4 7 10 13 14 16 18 20 22 25 26 28 32 34 35
1 4 8 9 11 14 17 19 21 22 24 25 29 31 34 36
1 4 5 7 10 15 16 19 20 23 24 26 28 30 31 36
1 4 6 7 8 15 17 18 21 23 24 25 28 29 32 35
1 3 6 8 9 15 16 19 20 24 25 26 27 29 32 36
1 3 5 9 10 15 17 18 21 23 25 26 27 30 31 35
1 3 4 11 12 13 14 18 19 22 27 28 29 30 31 32
1 5 6 7 9 11 13 18 19 21 23 25 29 30 33 34
1 5 6 8 10 12 14 18 19 20 24 26 27 28 33 34
7 9 12 14 15 16 17 24 26 29 30 31 32 33 34 36
8 10 11 13 15 16 17 23 25 27 28 31 32 33 34 35
2 3 4 7 9 11 13 17 23 25 29 30 31 32 35 36
2 3 4 8 10 12 14 16 24 26 27 28 31 32 35 36
2 5 6 7 8 9 10 15 23 24 25 26 33 34 35 36
2 6 7 8 11 12 14 16 19 20 22 28 29 32 34 36
2 5 7 10 11 12 13 17 18 21 22 28 30 31 34 35
2 5 9 10 12 13 14 16 19 20 22 27 30 31 33 36
2 6 8 9 11 13 14 17 18 21 22 27 29 32 33 35
2 4 6 7 13 14 15 17 19 21 25 26 28 30 34 36
2 3 5 9 11 12 15 17 19 21 23 24 27 29 33 36
2 3 6 10 12 13 15 16 18 20 23 26 28 30 33 35
2 4 5 8 11 14 15 16 18 20 24 25 27 29 34 35
2 3 6 7 10 11 14 15 18 19 20 21 24 25 32 33
2 4 5 8 9 12 13 15 18 19 20 21 23 26 31 34
2 3 4 5 7 8 16 17 18 19 22 25 26 28 29 31
2 3 4 6 9 10 16 17 18 19 22 23 24 27 30 32
3 4 5 6 7 9 12 14 19 20 21 22 24 26 29 30
3 4 5 6 8 10 11 13 18 20 21 22 23 25 27 28

19
2 3 4 5 11 12 13 14 15
1 3 6 8 11 12 16 18 19
1 2 7 9 13 14 16 17 18
1 6 7 8 11 13 15 16 17
1 6 7 9 11 12 14 17 19
2 4 5 9 12 15 16 17 18
3 4 5 8 12 13 17 18 19
2 4 7 9 11 14 15 18 19
3 5 6 8 13 14 15 16 19
11 12 13 14 15 16 17 18 19
1 2 4 5 8 10 14 16 17 19
1 2 5 6 7 10 13 15 18 19
1 3 4 7 9 10 12 15 16 19
1 3 5 8 9 10 11 15 17 18
1 4 6 8 9 10 12 13 14 18
2 3 4 6 9 10 11 13 17 19
3 4 5 6 7 10 11 14 16 18
2 3 6 7 8 10 12 14 15 17
2 5 7 8 9 10 11 12 13 16

18
2 3 4 5 6 7 8 9 10
1 3 4 7 8 11 12 17 18
1 2 4 5 6 11 14 15 18
1 2 3 5 6 12 13 16 17
1 3 4 7 10 11 13 14 16
1 3 4 8 9 12 13 14 15
1 2 5 9 10 11 13 15 17
1 2 6 9 10 12 14 16 18
1 6 7 8 11 13 15 16 18
1 5 7 8 12 14 15 16 17
2 3 5 7 9 12 15 16 18
2 4 6 8 10 11 15 16 17
4 5 6 7 9 14 16 17 18
3 5 6 8 10 13 15 17 18
3 6 7 9 10 11 12 14 17
4 5 8 9 10 11 12 13 18
2 4 7 10 12 13 14 15 18
2 3 8 9 11 13 14 16 17

24
2 3 4 5 6 13 14 15 16 17 18
1 3 4 8 9 14 15 19 20 21 24
1 2 5 9 10 16 18 20 22 23 24
1 2 6 8 11 16 17 19 22 23 24
1 3 6 10 12 14 17 19 21 22 24
1 4 5 11 12 15 18 20 21 23 24
8 9 10 11 12 19 20 21 22 23 24
2 4 7 9 11 13 15 16 18 20 23
2 3 7 8 10 13 14 16 17 19 22
3 5 7 9 12 13 14 15 18 20 21
4 6 7 8 12 13 14 15 17 19 21
5 6 7 10 11 13 16 17 18 22 23
1 8 9 10 11 12 14 15 16 17 18 24
1 2 5 9 10 11 13 15 17 19 21 23
1 2 6 8 10 11 13 14 18 20 21 22
1 3 4 8 9 12 13 17 18 21 22 23
1 4 5 9 11 12 13 14 16 19 20 22
1 3 6 8 10 12 13 15 16 19 20 23
2 4 5 7 9 11 14 17 18 21 22 24
2 3 6 7 8 10 15 17 18 21 23 24
2 5 6 7 10 11 14 15 16 19 20 24
3 4 5 7 9 12 15 16 17 19 23 24
3 4 6 7 8 12 14 16 18 20 22 24
2 3 4 5 6 7 13 19 20 21 22 23

25
18 19 20 21 22 23 24 25
3 4 5 6 7 18 19 20 21
2 8 12 13 14 18 22 23 24
2 9 12 15 16 19 22 23 25
2 10 13 15 17 20 22 24 25
2 11 14 16 17 21 23 24 25
2 8 9 10 11 22 23 24 25
3 7 15 16 17 19 20 21 25
4 7 13 14 17 18 20 21 24
5 7 12 14 16 18 19 21 23
6 7 12 13 15 18 19 20 22
3 4 10 11 17 20 21 24 25
3 5 9 11 16 19 21 23 25
3 6 9 10 15 19 20 22 25
4 5 8 11 14 18 21 23 24
4 6 8 10 13 18 20 22 24
5 6 8 9 12 18 19 22 23
1 2 3 9 10 11 15 16 17 25
1 2 4 8 10 11 13 14 17 24
1 2 5 8 9 11 12 14 16 23
1 2 6 8 9 10 12 13 15 22
1 3 4 5 7 11 14 16 17 21
1 3 4 6 7 10 13 15 17 20
1 3 5 6 7 9 12 15 16 19
1 4 5 6 7 8 12 13 14 18

15
2 4 5 6 7 15
1 6 7 8 9 12 15
4 5 8 9 10 11 15
1 3 5 6 10 13 14 15
1 3 4 7 11 13 14 15
1 2 4 8 10 12 13 15
1 2 5 9 11 12 14 15
2 3 6 9 11 13 14 15
2 3 7 8 10 13 14 15
3 4 6 9 11 12 14 15
3 5 7 8 10 12 13 15
2 6 7 10 11 13 14 15
4 5 6 8 9 11 12 15
4 5 7 8 9 10 12 15
1 2 3 4 5 6 7 8 9 10 11 12 13 14

42
2 3 4 5 6 7 8 9 29 30 31 32
1 10 19 20 21 22 23 24 37 40 41 42
1 11 16 17 18 25 26 27 34 38 39 42
1 7 12 15 16 19 22 25 38 40 41 42
1 9 14 15 18 21 24 27 38 40 41 42
1 8 13 15 17 20 23 26 38 40 41 42
1 4 14 17 20 24 27 28 35 36 37 39
1 6 12 18 21 22 25 28 35 36 37 39
1 5 13 16 19 23 26 28 35 36 37 39
2 12 13 14 16 17 18 28 31 35 36 38
3 12 13 14 15 19 20 21 30 33 36 41
4 8 10 11 17 20 23 27 32 34 39 42
6 9 10 11 18 21 24 25 32 34 39 42
5 7 10 11 16 19 22 26 32 34 39 42
4 5 6 11 22 23 24 28 32 35 37 39
3 4 9 10 14 20 24 27 29 33 37 40
3 6 7 10 12 21 22 25 29 33 37 40
3 5 8 10 13 19 23 26 29 33 37 40
2 4 9 11 14 18 24 27 29 31 35 38
2 6 7 11 12 16 22 25 29 31 35 38
2 5 8 11 13 17 23 26 29 31 35 38
2 4 8 14 15 17 20 27 30 33 34 36
2 6 9 12 15 18 21 25 30 33 34 36
2 5 7 13 15 16 19 26 30 33 34 36
3 4 8 13 17 20 23 28 30 31 32 41
3 6 9 14 18 21 24 28 30 31 32 41
3 5 7 12 16 19 22 28 30 31 32 41
7 8 9 10 15 25 26 27 29 33 34 40
1 16 17 18 19 20 21 28 30 36 39 41 42
1 11 22 23 24 25 26 27 29 35 37 38 40
1 10 19 20 21 25 26 27 33 34 36 37 39
1 12 13 14 15 25 26 27 33 35 36 38 40
11 16 17 18 22 23 24 28 31 32 38 41 42
3 12 13 14 22 23 24 28 31 35 37 40 41
7 8 9 10 15 19 20 21 30 32 34 41 42
7 8 9 10 11 22 23 24 29 31 32 40 42
2 7 8 9 15 16 17 18 30 31 34 38 42
3 4 5 6 10 19 20 21 30 32 33 37 39
3 7 8 9 12 13 14 15 29 31 38 40 41
2 4 5 6 16 17 18 28 30 32 34 36 39
2 4 5 6 11 25 26 27 29 33 34 35 39
2 3 4 5 6 12 13 14 29 33 35 36 37

12
2 3 4 5 6 7 8
1 3 4 5 6 9 10
1 2 4 5 6 9 11
1 2 3 5 7 9 12
1 2 3 4 8 9 12
1 2 3 7 8 10 11
1 4 6 8 10 11 12
1 5 6 7 10 11 12
2 3 4 5 10 11 12
2 6 7 8 9 11 12
3 6 7 8 9 10 12
4 5 7 8 9 10 11

13
2 3 4 5 6 7
1 3 4 5 6 7
1 2 4 5 6 7
1 2 3 5 6 11
1 2 3 4 6 12
1 2 3 4 5 13
1 2 3 8 9 10
7 9 10 11 12 13
7 8 10 11 12 13
7 8 9 11 12 13
4 8 9 10 12 13
5 8 9 10 11 13
6 8 9 10 11 12

14
2 3 4 5 6 7
1 9 10 11 12 13
1 4 5 6 7 14
1 3 5 6 7 14
1 3 4 6 7 14
1 3 4 5 7 14
1 3 4 5 6 14
9 10 11 12 13 14
2 8 10 11 12 13
2 8 9 11 12 13
2 8 9 10 12 13
2 8 9 10 11 13
2 8 9 10 11 12
3 4 5 6 7 8

15
2 3 4 5 6 7
1 4 5 6 7 14
1 4 5 6 7 15
1 2 3 5 6 7
1 2 3 4 6 7
1 2 3 4 5 7
1 2 3 4 5 6
9 10 11 12 13 14
8 10 11 12 13 14
8 9 11 12 13 15
8 9 10 12 13 15
8 9 10 11 14 15
8 9 10 11 14 15
2 8 9 12 13 15
3 10 11 12 13 14

16
2 3 4 5 6 7
1 11 12 13 14 15
1 4 5 6 7 16
1 3 5 6 7 16
1 3 4 6 7 16
1 3 4 5 7 16
1 3 4 5 6 16
11 12 13 14 15 16
10 11 12 13 14 15
9 11 12 13 14 15
2 8 9 10 12 13
2 8 9 10 11 14
2 8 9 10 11 15
2 8 9 10 12 15
2 8 9 10 13 14
3 4 5 6 7 8

16
2 3 4 5 6 7
1 3 7 13 15 16
1 2 7 14 15 16
1 5 6 7 15 16
1 4 6 7 15 16
1 4 5 7 15 16
1 2 3 4 5 6
9 10 11 12 13 14
8 10 11 12 13 14
8 9 11 12 13 14
8 9 10 12 13 14
8 9 10 11 13 14
2 8 9 10 11 12
3 8 9 10 11 12
2 3 4 5 6 16
2 3 4 5 6 15

19
2 3 4 5 6 7
1 14 15 16 17 18
1 4 5 6 7 19
1 3 5 6 7 19
1 3 4 6 7 19
1 3 4 5 7 19
1 3 4 5 6 19
9 10 11 12 13 14
8 10 11 12 13 18
8 9 11 12 13 18
8 9 10 12 13 15
8 9 10 11 13 16
8 9 10 11 12 17
2 8 15 16 17 19
2 11 14 16 17 18
2 12 14 15 17 18
2 13 14 15 16 18
2 9 10 15 16 17
3 4 5 6 7 14

18
2 3 4 5 6 7 8
1 3 4 8 16 17 18
1 2 5 6 7 8 18
1 2 5 6 7 8 18
1 3 4 6 7 8 18
1 3 4 5 7 8 18
1 3 4 5 6 8 18
1 2 3 4 5 6 7
11 12 13 14 15 16 17
11 12 13 14 15 16 17
9 10 12 13 14 15 17
9 10 11 13 14 15 17
9 10 11 12 14 15 17
9 10 11 12 13 15 16
9 10 11 12 13 14 16
2 9 10 14 15 17 18
2 9 10 11 12 13 16
2 3 4 5 6 7 16

