11
2 3 4 5 6 7 8 9 10 11
1 3 4 5 6 7 8 9 10 11
1 2 4 5 6 7 8 9 10 11
1 2 3 5 6 7 8 9 10 11
1 2 3 4 6 7 8 9 10 11
1 2 3 4 5 7 8 9 10 11
1 2 3 4 5 6 8 9 10 11
1 2 3 4 5 6 7 9 10 11
1 2 3 4 5 6 7 8 10 11
1 2 3 4 5 6 7 8 9 11
1 2 3 4 5 6 7 8 9 10

44
2 3 4 5 6 7 8 9 10 11 12 13 14 15 16 17 18 19 20 21 22 23 24 25 26 27 28 29 30 31
1 4 5 6 7 8 9 12 13 14 15 16 17 20 21 22 23 24 25 28 29 30 31 32 33 34 41 42 43 44
1 4 5 6 7 8 9 12 13 14 15 16 17 20 21 22 23 24 25 28 29 30 31 32 33 34 41 42 43 44
1 2 3 6 7 8 9 12 13 14 15 18 19 20 21 22 23 26 27 28 29 30 31 32 35 36 41 42 43 44
1 2 3 6 7 8 9 12 13 14 15 18 19 20 21 22 23 26 27 28 29 30 31 32 35 36 41 42 43 44
1 2 3 4 5 8 9 10 11 12 13 16 17 18 19 20 21 22 23 24 25 28 29 32 37 38 39 40 41 42
1 2 3 4 5 8 9 10 11 12 13 16 17 18 19 20 21 22 23 24 25 28 29 32 37 38 39 40 41 42
1 2 3 4 5 6 7 10 11 14 15 16 17 18 19 20 21 22 23 26 27 30 31 32 37 38 39 40 43 44
1 2 3 4 5 6 7 10 11 14 15 16 17 18 19 20 21 22 23 26 27 30 31 32 37 38 39 40 43 44
1 6 7 8 9 12 13 14 15 16 17 18 19 20 21 22 23 24 25 26 27 32 33 34 35 36 37 38 39 40
1 6 7 8 9 12 13 14 15 16 17 18 19 20 21 22 23 24 25 26 27 32 33 34 35 36 37 38 39 40
1 2 3 4 5 6 7 10 11 16 17 20 21 24 25 26 27 28 29 30 31 32 33 34 35 36 37 38 41 42
1 2 3 4 5 6 7 10 11 16 17 20 21 24 25 26 27 28 29 30 31 32 33 34 35 36 37 38 41 42
1 2 3 4 5 8 9 10 11 18 19 22 23 24 25 26 27 28 29 30 31 32 33 34 35 36 39 40 43 44
1 2 3 4 5 8 9 10 11 18 19 22 23 24 25 26 27 28 29 30 31 32 33 34 35 36 39 40 43 44
1 2 3 6 7 8 9 10 11 12 13 20 21 22 23 24 25 26 27 30 31 32 33 34 37 38 39 40 41 42
1 2 3 6 7 8 9 10 11 12 13 20 21 22 23 24 25 26 27 30 31 32 33 34 37 38 39 40 41 42
1 4 5 6 7 8 9 10 11 14 15 20 21 22 23 24 25 26 27 28 29 32 35 36 37 38 39 40 43 44
1 4 5 6 7 8 9 10 11 14 15 20 21 22 23 24 25 26 27 28 29 32 35 36 37 38 39 40 43 44
1 2 3 4 5 6 7 8 9 10 11 12 13 16 17 18 19 26 27 30 31 32 35 36 37 38 41 42 43 44
1 2 3 4 5 6 7 8 9 10 11 12 13 16 17 18 19 26 27 30 31 32 35 36 37 38 41 42 43 44
1 2 3 4 5 6 7 8 9 10 11 14 15 16 17 18 19 24 25 28 29 32 33 34 39 40 41 42 43 44
1 2 3 4 5 6 7 8 9 10 11 14 15 16 17 18 19 24 25 28 29 32 33 34 39 40 41 42 43 44
1 2 3 6 7 10 11 12 13 14 15 16 17 18 19 22 23 28 29 32 33 34 35 36 37 38 39 40 41 42
1 2 3 6 7 10 11 12 13 14 15 16 17 18 19 22 23 28 29 32 33 34 35 36 37 38 39 40 41 42
1 4 5 8 9 10 11 12 13 14 15 16 17 18 19 20 21 30 31 32 33 34 35 36 37 38 39 40 43 44
1 4 5 8 9 10 11 12 13 14 15 16 17 18 19 20 21 30 31 32 33 34 35 36 37 38 39 40 43 44
1 2 3 4 5 6 7 12 13 14 15 18 19 22 23 24 25 30 31 32 33 34 35 36 39 40 41 42 43 44
1 2 3 4 5 6 7 12 13 14 15 18 19 22 23 24 25 30 31 32 33 34 35 36 39 40 41 42 43 44
1 2 3 4 5 8 9 12 13 14 15 16 17 20 21 26 27 28 29 32 33 34 35 36 37 38 41 42 43 44
1 2 3 4 5 8 9 12 13 14 15 16 17 20 21 26 27 28 29 32 33 34 35 36 37 38 41 42 43 44
2 3 4 5 6 7 8 9 10 11 12 13 14 15 16 17 18 19 20 21 22 23 24 25 26 27 28 29 30 31
2 3 10 11 12 13 14 15 16 17 22 23 24 25 26 27 28 29 30 31 35 36 37 38 39 40 41 42 43 44
2 3 10 11 12 13 14 15 16 17 22 23 24 25 26 27 28 29 30 31 35 36 37 38 39 40 41 42 43 44
4 5 10 11 12 13 14 15 18 19 20 21 24 25 26 27 28 29 30 31 33 34 37 38 39 40 41 42 43 44
4 5 10 11 12 13 14 15 18 19 20 21 24 25 26 27 28 29 30 31 33 34 37 38 39 40 41 42 43 44
6 7 8 9 10 11 12 13 16 17 18 19 20 21 24 25 26 27 30 31 33 34 35 36 39 40 41 42 43 44
6 7 8 9 10 11 12 13 16 17 18 19 20 21 24 25 26 27 30 31 33 34 35 36 39 40 41 42 43 44
6 7 8 9 10 11 14 15 16 17 18 19 22 23 24 25 26 27 28 29 33 34 35 36 37 38 41 42 43 44
6 7 8 9 10 11 14 15 16 17 18 19 22 23 24 25 26 27 28 29 33 34 35 36 37 38 41 42 43 44
2 3 4 5 6 7 12 13 16 17 20 21 22 23 24 25 28 29 30 31 33 34 35 36 37 38 39 40 43 44
2 3 4 5 6 7 12 13 16 17 20 21 22 23 24 25 28 29 30 31 33 34 35 36 37 38 39 40 43 44
2 3 4 5 8 9 14 15 18 19 20 21 22 23 26 27 28 29 30 31 33 34 35 36 37 38 39 40 41 42
2 3 4 5 8 9 14 15 18 19 20 21 22 23 26 27 28 29 30 31 33 34 35 36 37 38 39 40 41 42

