10
10
10
4 5 6 7 8 9 10
3 5 6 7 8 9 10
3 4 6 7 8 9 10
3 4 5 7 8 9 10
3 4 5 6 8 9 10
3 4 5 6 7 9 10
3 4 5 6 7 8 10
1 2 3 4 5 6 7 8 9

10
4 5 6 7 8 9 10
4 5 6 7 8 9 10
4 5 6 7 8 9 10
1 2 3 5 6 7 8 9 10
1 2 3 4 6 7 8 9 10
1 2 3 4 5 7 8 9 10
1 2 3 4 5 6 8 9 10
1 2 3 4 5 6 7 9 10
1 2 3 4 5 6 7 8 10
1 2 3 4 5 6 7 8 9

8
2 3 4 5 6 7 8
1 3 4 5 6 7 8
1 2 4 5 6 7 8
1 2 3 5 6 7 8
1 2 3 4 6 7 8
1 2 3 4 5 7 8
1 2 3 4 5 6 8
1 2 3 4 5 6 7

9
9
3 4 5 6 7 8 9
2 4 5 6 7 8 9
2 3 5 6 7 8 9
2 3 4 6 7 8 9
2 3 4 5 7 8 9
2 3 4 5 6 8 9
2 3 4 5 6 7 9
1 2 3 4 5 6 7 8

9
3 4 5 6 7 8 9
3 4 5 6 7 8 9
1 2 4 5 6 7 8 9
1 2 3 5 6 7 8 9
1 2 3 4 6 7 8 9
1 2 3 4 5 7 8 9
1 2 3 4 5 6 8 9
1 2 3 4 5 6 7 9
1 2 3 4 5 6 7 8

24
2 3 4 5 6 7 8 9 10 11 12 13 14 15
1 3 4 5 6 7 8 9 10 16 17 18 19 23
1 2 4 5 6 7 8 12 14 17 19 20 22 24
1 2 3 5 6 7 8 13 15 16 18 20 21 24
1 2 3 4 7 9 11 12 14 16 17 18 21 24
1 2 3 4 8 10 11 13 15 16 17 19 22 24
1 2 3 4 5 10 12 14 15 16 18 20 22 23
1 2 3 4 6 9 13 14 15 17 19 20 21 23
1 2 5 8 10 11 12 13 14 17 18 19 21 23
1 2 6 7 9 11 12 13 15 16 18 19 22 23
1 5 6 9 10 12 13 14 15 16 17 21 22 24
1 3 5 7 9 10 11 13 14 18 19 20 22 24
1 4 6 8 9 10 11 12 15 18 19 20 21 24
1 3 5 7 8 9 11 12 15 17 20 21 22 23
1 4 6 7 8 10 11 13 14 16 20 21 22 23
2 4 5 6 7 10 11 15 17 18 21 22 23 24
2 3 5 6 8 9 11 14 16 19 21 22 23 24
2 4 5 7 9 10 12 13 16 19 20 21 23 24
2 3 6 8 9 10 12 13 17 18 20 22 23 24
3 4 7 8 12 13 14 15 18 19 21 22 23 24
4 5 8 9 11 13 14 15 16 17 18 20 23 24
3 6 7 10 11 12 14 15 16 17 19 20 23 24
2 7 8 9 10 14 15 16 17 18 19 20 21 22
3 4 5 6 11 12 13 16 17 18 19 20 21 22

11
2 3 4 7 8 9 10 11
1 3 5 7 8 9 10 11
1 2 6 7 8 9 10 11
1 5 6 7 8 9 10 11
2 4 6 7 8 9 10 11
3 4 5 7 8 9 10 11
1 2 3 4 5 6 8 9 10 11
1 2 3 4 5 6 7 9 10 11
1 2 3 4 5 6 7 8 10 11
1 2 3 4 5 6 7 8 9 11
1 2 3 4 5 6 7 8 9 10

11
5 6 7 8 9 10 11
3 4 5 6 8 9 10 11
2 4 5 7 8 9 10 11
2 3 6 7 8 9 10 11
1 2 3 6 7 8 9 10 11
1 2 4 5 7 8 9 10 11
1 3 4 5 6 8 9 10 11
1 2 3 4 5 6 7 9 10 11
1 2 3 4 5 6 7 8 10 11
1 2 3 4 5 6 7 8 9 11
1 2 3 4 5 6 7 8 9 10

12
2 3 8 9 10 11 12
1 3 8 9 10 11 12
1 2 8 9 10 11 12
5 6 8 9 10 11 12
4 7 8 9 10 11 12
4 7 8 9 10 11 12
5 6 8 9 10 11 12
1 2 3 4 5 6 7 9 10 11 12
1 2 3 4 5 6 7 8 10 11 12
1 2 3 4 5 6 7 8 9 11 12
1 2 3 4 5 6 7 8 9 10 12
1 2 3 4 5 6 7 8 9 10 11

12
5 6 7 8 9 10
5 6 7 8 11 12
5 6 9 10 11 12
7 8 9 10 11 12
1 2 3 6 7 8 9 10 11 12
1 2 3 5 7 8 9 10 11 12
1 2 4 5 6 8 9 10 11 12
1 2 4 5 6 7 9 10 11 12
1 3 4 5 6 7 8 10 11 12
1 3 4 5 6 7 8 9 11 12
2 3 4 5 6 7 8 9 10 12
2 3 4 5 6 7 8 9 10 11

12
2 9 10 11 12
1 9 10 11 12
4 5 6 7 8 9 10 11 12
3 5 6 7 8 9 10 11 12
3 4 6 7 8 9 10 11 12
3 4 5 7 8 9 10 11 12
3 4 5 6 8 9 10 11 12
3 4 5 6 7 9 10 11 12
1 2 3 4 5 6 7 8 10 11
1 2 3 4 5 6 7 8 9 12
1 2 3 4 5 6 7 8 9 12
1 2 3 4 5 6 7 8 10 11

12
2 3 4 7 11 12
1 3 4 8 11 12
1 2 4 9 11 12
1 2 3 10 11 12
6 7 8 9 10 11 12
5 7 8 9 10 11 12
1 5 6 8 9 10 11 12
2 5 6 7 9 10 11 12
3 5 6 7 8 10 11 12
4 5 6 7 8 9 11 12
1 2 3 4 5 6 7 8 9 10 12
1 2 3 4 5 6 7 8 9 10 11

12
8 10 11
9 10 12
7 11 12
5 6 8 9 11 12
4 6 7 8 9 10 11 12
4 5 7 8 9 10 11 12
3 5 6 8 9 10 11 12
1 4 5 6 7 9 10 11 12
2 4 5 6 7 8 10 11 12
1 2 5 6 7 8 9 11 12
1 3 4 5 6 7 8 9 10 12
2 3 4 5 6 7 8 9 10 11

12
2 3 4 9 10 11
1 3 4 9 10 12
1 2 4 9 11 12
1 2 3 10 11 12
6 7 8 9 10 11 12
5 7 8 9 10 11 12
5 6 8 9 10 11 12
5 6 7 9 10 11 12
1 2 3 5 6 7 8 10 11 12
1 2 4 5 6 7 8 9 11 12
1 3 4 5 6 7 8 9 10 12
2 3 4 5 6 7 8 9 10 11

12
6 7 12
8 9 12
10 11 12
6 7 8 9 10 11
6 7 8 9 10 11 12
1 4 5 7 8 9 10 11 12
1 4 5 6 8 9 10 11 12
2 4 5 6 7 9 10 11 12
2 4 5 6 7 8 10 11 12
3 4 5 6 7 8 9 11 12
3 4 5 6 7 8 9 10 12
1 2 3 5 6 7 8 9 10 11

12
5 6 7 8
6 7 8 12
5 9 10 11
9 10 11 12
1 3 6 7 8 9 10 11 12
1 2 5 7 8 9 10 11 12
1 2 5 6 8 9 10 11 12
1 2 5 6 7 9 10 11 12
3 4 5 6 7 8 10 11 12
3 4 5 6 7 8 9 11 12
3 4 5 6 7 8 9 10 12
2 4 5 6 7 8 9 10 11

30
2 3 4 5 6 7 8 9 10
1 3 23 24 25 26 27 28 30
1 2 22 23 24 25 26 27 28
1 5 6 7 8 9 10 29 30
1 4 6 7 8 9 10 29 30
1 4 5 7 8 9 10 29 30
1 4 5 6 8 9 10 29 30
1 4 5 6 7 9 10 29 30
1 4 5 6 7 8 10 29 30
1 4 5 6 7 8 9 22 28
15 18 19 20 22 24 25 26 27
13 14 16 18 19 20 21 22 23
12 14 15 16 18 19 20 21 22
12 13 15 16 17 18 19 20 22
11 13 14 17 18 19 20 21 22
12 13 14 17 18 19 20 21 22
14 15 16 21 24 25 26 27 28
11 12 13 14 15 16 19 20 21
11 12 13 14 15 16 18 20 21
11 12 13 14 15 16 18 19 21
12 13 15 16 17 18 19 20 23
3 10 11 12 13 14 15 16 30
2 3 12 21 24 25 26 27 28
2 3 11 17 23 25 26 27 28
2 3 11 17 23 24 26 27 28
2 3 11 17 23 24 25 27 29
2 3 11 17 23 24 25 26 29
2 3 10 17 23 24 25 29 30
4 5 6 7 8 9 26 27 28
2 4 5 6 7 8 9 22 28

19
2 3 4 5 6 7 8 9 10 11
1 3 4 5 6 7 8 11 13 15
1 2 4 5 6 7 8 10 12 13
1 2 3 5 6 7 8 10 12 14
1 2 3 4 6 7 8 10 13 14
1 2 3 4 5 7 8 9 12 14
1 2 3 4 5 6 8 9 13 14
1 2 3 4 5 6 7 9 13 14
1 6 7 8 11 15 16 17 18 19
1 3 4 5 11 12 16 17 18 19
1 2 9 10 12 15 16 17 18 19
3 4 6 10 11 15 16 17 18 19
2 3 5 7 8 15 16 17 18 19
4 5 6 7 8 15 16 17 18 19
2 9 11 12 13 14 16 17 18 19
9 10 11 12 13 14 15 17 18 19
9 10 11 12 13 14 15 16 18 19
9 10 11 12 13 14 15 16 17 19
9 10 11 12 13 14 15 16 17 18

20
2 3 4 5 6 7 8 9 10 11
1 3 4 5 6 7 8 9 11 20
1 2 4 5 6 7 8 9 11 14
1 2 3 5 6 7 8 9 11 14
1 2 3 4 6 7 8 9 10 12
1 2 3 4 5 7 8 9 10 12
1 2 3 4 5 6 8 9 10 14
1 2 3 4 5 6 7 10 12 13
1 2 3 4 5 6 7 12 13 20
1 5 6 7 8 15 16 17 18 19
1 2 3 4 13 15 16 17 18 19
5 6 8 9 15 16 17 18 19 20
8 9 11 14 15 16 17 18 19 20
3 4 7 13 15 16 17 18 19 20
10 11 12 13 14 16 17 18 19 20
10 11 12 13 14 15 17 18 19 20
10 11 12 13 14 15 16 18 19 20
10 11 12 13 14 15 16 17 19 20
10 11 12 13 14 15 16 17 18 20
2 9 12 13 14 15 16 17 18 19

21
2 3 4 5 6 7 8 9 10 11
1 3 4 5 6 7 8 9 12 13
1 2 4 5 6 7 8 12 13 14
1 2 3 5 6 7 8 12 13 14
1 2 3 4 6 7 8 12 13 14
1 2 3 4 5 7 8 12 13 14
1 2 3 4 5 6 8 12 13 14
1 2 3 4 5 6 7 13 14 15
1 2 10 15 16 17 18 19 20 21
1 9 11 12 16 17 18 19 20 21
1 10 12 14 15 16 17 18 19 20
2 3 4 5 6 7 10 11 17 18
2 3 4 5 6 7 8 19 20 21
3 4 5 6 7 8 11 15 16 21
8 9 11 14 16 17 18 19 20 21
9 10 11 14 15 17 18 19 20 21
9 10 11 12 15 16 18 19 20 21
9 10 11 12 15 16 17 19 20 21
9 10 11 13 15 16 17 18 20 21
9 10 11 13 15 16 17 18 19 21
9 10 13 14 15 16 17 18 19 20

26
2 3 4 5 6 7 8 9 10 11
1 3 9 10 11 21 22 23 24 26
1 2 4 7 10 11 21 23 24 26
1 3 5 6 8 9 10 11 25 26
1 4 6 7 8 9 10 11 25 26
1 4 5 7 8 9 10 11 25 26
1 3 5 6 8 9 10 11 24 25
1 4 5 6 7 9 10 11 22 23
1 2 4 5 6 7 8 10 11 25
1 2 3 4 5 6 7 8 9 11
1 2 3 4 5 6 7 8 9 10
15 16 17 18 19 20 21 22 24 26
14 16 17 18 19 20 21 22 25 26
13 16 17 18 19 20 21 22 25 26
12 16 17 18 19 20 21 22 23 25
12 13 14 15 17 18 19 20 23 24
12 13 14 15 16 18 19 20 23 24
12 13 14 15 16 17 19 20 23 24
12 13 14 15 16 17 18 20 23 24
12 13 14 15 16 17 18 19 23 24
2 3 12 13 14 15 22 24 25 26
2 8 12 13 14 15 21 23 25 26
2 3 8 15 16 17 18 19 20 22
2 3 7 12 16 17 18 19 20 21
4 5 6 7 9 13 14 15 21 22
2 3 4 5 6 12 13 14 21 22

28
2 3 4 5 6 7 8 9 10 11
1 7 8 9 10 11 21 23 27 28
1 7 8 9 10 11 22 24 26 27
1 6 7 8 9 10 11 25 27 28
1 6 7 8 9 10 11 25 26 28
1 4 5 7 8 9 10 11 26 28
1 2 3 4 5 6 8 9 10 11
1 2 3 4 5 6 7 9 10 11
1 2 3 4 5 6 7 8 10 11
1 2 3 4 5 6 7 8 9 11
1 2 3 4 5 6 7 8 9 10
13 14 15 16 18 19 20 21 23 24
12 14 15 16 17 18 19 20 23 24
12 13 15 16 17 18 19 20 23 24
12 13 14 16 17 18 19 20 22 24
12 13 14 15 17 18 19 20 22 24
13 14 15 16 18 19 20 21 22 24
12 13 14 15 16 17 19 20 25 27
12 13 14 15 16 17 18 20 21 23
12 13 14 15 16 17 18 19 22 23
2 12 17 19 22 24 25 26 27 28
3 15 16 17 20 21 25 26 27 28
2 12 13 14 19 20 25 26 27 28
3 12 13 14 15 16 17 21 25 26
4 5 18 21 22 23 24 26 27 28
3 5 6 21 22 23 24 25 27 28
2 3 4 18 21 22 23 25 26 28
2 4 5 6 21 22 23 25 26 27

29
2 3 4 5 6 7 8 9 10 11
1 5 11 22 23 24 25 26 27 28
1 4 5 6 7 9 10 11 28 29
1 3 5 6 7 8 9 10 28 29
1 2 3 4 8 9 10 11 27 29
1 3 4 7 8 9 10 11 27 29
1 3 4 6 8 9 10 11 27 29
1 4 5 6 7 9 10 11 27 28
1 3 4 5 6 7 8 10 11 29
1 3 4 5 6 7 8 9 11 28
1 2 3 5 6 7 8 9 10 26
13 14 15 16 17 18 22 23 27 29
12 14 15 16 17 18 19 20 21 24
12 13 15 16 17 18 19 20 21 24
12 13 14 16 17 18 19 20 21 24
12 13 14 15 17 18 19 20 21 24
12 13 14 15 16 18 19 20 21 24
12 13 14 15 16 17 19 20 21 24
13 14 15 16 17 18 21 22 25 26
13 14 15 16 17 18 21 23 25 26
13 14 15 16 17 18 19 20 23 25
2 12 19 23 24 25 26 27 28 29
2 12 20 21 22 25 26 27 28 29
2 13 14 15 16 17 18 22 25 28
2 19 20 21 22 23 24 26 27 28
2 11 19 20 22 23 25 27 28 29
2 5 6 7 8 12 22 23 25 26
2 3 4 8 10 22 23 24 25 26
3 4 5 6 7 9 12 22 23 26

30
2 3 4 5 6 7 8 9 10 11
1 4 11 22 23 24 25 26 27 29
1 5 8 10 22 23 24 25 26 27
1 2 9 11 22 23 24 25 26 27
1 3 6 7 9 10 17 18 19 20
1 5 7 8 9 10 11 21 28 30
1 5 6 8 9 10 11 19 28 30
1 3 6 7 9 10 11 20 21 28
1 4 5 6 7 8 10 11 28 29
1 3 5 6 7 8 9 11 29 30
1 2 4 6 7 8 9 10 29 30
13 14 15 16 17 18 19 20 21 28
12 14 15 16 17 18 19 20 21 28
12 13 15 16 17 18 19 20 21 28
12 13 14 16 17 18 19 20 21 28
12 13 14 15 17 18 19 20 21 28
5 12 13 14 15 16 18 19 20 21
5 12 13 14 15 16 17 20 21 28
5 7 12 13 14 15 16 17 20 21
5 8 12 13 14 15 16 17 18 19
6 8 12 13 14 15 16 17 18 19
2 3 4 23 24 25 26 27 29 30
2 3 4 22 24 25 26 27 29 30
2 3 4 22 23 25 26 27 29 30
2 3 4 22 23 24 26 27 29 30
2 3 4 22 23 24 25 27 29 30
2 3 4 22 23 24 25 26 29 30
6 7 8 9 12 13 14 15 16 18
2 9 10 11 22 23 24 25 26 27
6 7 10 11 22 23 24 25 26 27

31
2 3 4 5 6 7 8 9 10 11
1 4 5 21 22 23 24 25 26 27
1 4 5 18 19 20 23 25 26 27
1 2 3 5 24 25 26 27 30 31
1 2 3 4 24 25 26 27 28 29
1 7 8 9 10 11 28 29 30 31
1 6 8 9 10 11 28 29 30 31
1 6 7 9 10 11 28 29 30 31
1 6 7 8 10 11 28 29 30 31
1 6 7 8 9 11 28 29 30 31
1 6 7 8 9 10 28 29 30 31
13 14 15 16 17 18 20 21 22 23
12 14 15 16 18 19 20 21 22 23
12 13 15 16 18 19 20 21 22 23
12 13 14 16 17 18 19 20 22 23
12 13 14 15 17 18 19 20 21 22
12 15 16 18 19 20 21 22 25 26
3 12 13 14 15 16 17 20 22 23
3 13 14 15 16 17 20 21 22 23
3 12 13 14 15 16 17 18 19 23
2 12 13 14 16 17 19 25 26 27
2 12 13 14 15 16 17 18 19 23
2 3 12 13 14 15 18 19 20 22
2 4 5 25 26 27 28 29 30 31
2 3 4 5 17 21 24 26 27 31
2 3 4 5 17 21 24 25 27 31
2 3 4 5 21 24 25 26 29 30
5 6 7 8 9 10 11 24 29 30
5 6 7 8 9 10 11 24 27 28
4 6 7 8 9 10 11 24 27 28
4 6 7 8 9 10 11 24 25 26

33
2 3 4 5 6 7 8 9 10 11
1 4 9 10 26 27 28 29 30 32
1 4 5 6 8 9 11 30 31 33
1 2 3 6 7 10 11 31 32 33
1 3 6 8 9 10 11 31 32 33
1 3 4 5 7 8 11 31 32 33
1 4 6 8 9 10 11 30 32 33
1 3 5 6 7 9 10 11 31 32
1 2 3 5 7 8 10 11 32 33
1 2 4 5 7 8 9 11 32 33
1 3 4 5 6 7 8 9 10 33
13 15 16 17 25 26 27 28 29 30
12 14 16 17 24 26 27 28 29 30
13 16 18 19 20 21 22 23 24 29
12 16 18 19 20 21 22 23 24 29
12 13 14 15 24 25 26 27 28 29
12 13 18 19 20 21 22 23 26 30
14 15 17 19 20 21 22 23 24 25
14 15 17 18 20 21 22 23 24 25
14 15 17 18 19 21 22 23 24 25
14 15 17 18 19 20 22 23 24 25
14 15 17 18 19 20 21 23 24 25
14 15 17 18 19 20 21 22 24 25
13 14 15 16 18 19 20 21 22 23
12 16 18 19 20 21 22 23 27 28
2 12 13 16 17 27 28 29 30 31
2 12 13 16 25 26 28 29 30 31
2 12 13 16 25 26 27 29 30 31
2 12 13 14 15 16 26 27 28 30
2 3 7 12 13 17 26 27 28 29
3 4 5 6 8 26 27 28 32 33
2 4 5 6 7 8 9 10 31 33
3 4 5 6 7 9 10 11 31 32

34
2 3 4 5 6 7 8 9 10 11
1 3 8 27 28 29 30 31 32 34
1 2 4 7 8 10 11 31 32 34
1 3 5 8 9 10 11 31 32 34
1 4 6 7 9 10 11 32 33 34
1 5 7 8 9 10 11 32 33 34
1 3 5 6 9 10 11 32 33 34
1 2 3 4 6 9 10 11 33 34
1 4 5 6 7 8 10 11 33 34
1 3 4 5 6 7 8 9 11 33
1 3 4 5 6 7 8 9 10 33
14 15 16 17 18 19 20 23 24 26
14 15 16 17 18 19 20 23 24 25
12 13 15 16 17 18 19 20 23 26
12 13 14 16 17 18 19 20 21 22
12 13 14 15 17 18 19 20 21 22
12 13 14 15 16 18 19 20 21 22
12 13 14 15 16 17 19 20 21 22
12 13 14 15 16 17 18 20 21 22
12 13 14 15 16 17 18 19 21 22
15 16 17 18 19 20 23 25 27 28
15 16 17 18 19 20 25 26 29 30
12 13 14 21 24 25 26 27 28 29
12 13 23 25 26 27 28 29 30 31
13 21 22 23 24 26 27 28 29 30
12 14 22 23 24 25 27 28 29 30
2 21 23 24 25 26 28 29 30 31
2 21 23 24 25 26 27 29 30 31
2 22 23 24 25 26 27 28 30 31
2 22 24 25 26 27 28 29 31 32
2 3 4 24 27 28 29 30 32 33
2 3 4 5 6 7 30 31 33 34
5 6 7 8 9 10 11 31 32 34
2 3 4 5 6 7 8 9 32 33

18
2 3 4 5 6 7 8 9 10 11 12
1 3 4 5 6 7 8 10 11 12 17
1 2 4 5 6 7 8 9 10 11 18
1 2 3 5 6 7 8 9 10 11 18
1 2 3 4 6 7 10 11 12 17 18
1 2 3 4 5 7 8 9 11 17 18
1 2 3 4 5 6 12 13 14 15 16
1 2 3 4 6 9 10 13 14 15 16
1 3 4 6 8 12 13 14 15 16 17
1 2 3 4 5 8 13 14 15 16 18
1 2 3 4 5 6 13 14 15 16 17
1 2 5 7 9 13 14 15 16 17 18
7 8 9 10 11 12 14 15 16 17 18
7 8 9 10 11 12 13 15 16 17 18
7 8 9 10 11 12 13 14 16 17 18
7 8 9 10 11 12 13 14 15 17 18
2 5 6 9 11 12 13 14 15 16 18
3 4 5 6 10 12 13 14 15 16 17

24
2 3 4 5 6 7 8 9 10 11 12
1 6 10 11 12 15 16 17 18 19 24
1 4 7 8 9 10 12 21 22 23 24
1 3 5 6 8 9 10 12 21 23 24
1 4 6 7 8 9 10 11 12 20 24
1 2 4 5 7 9 10 11 12 23 24
1 3 5 6 8 9 10 11 12 22 24
1 3 4 5 7 9 10 11 12 14 24
1 3 4 5 6 7 8 11 12 22 24
1 2 3 4 5 6 7 8 11 21 24
1 2 5 6 7 8 9 10 12 13 20
1 2 3 4 5 6 7 8 9 11 24
11 14 15 16 17 18 19 21 22 23 24
8 13 15 16 17 18 19 20 21 22 23
2 13 14 16 17 18 19 20 21 22 23
2 13 14 15 17 18 19 20 21 22 23
2 13 14 15 16 18 19 20 21 22 23
2 13 14 15 16 17 19 20 21 22 23
2 13 14 15 16 17 18 20 21 22 23
5 11 14 15 16 17 18 19 21 22 23
3 4 10 13 14 15 16 17 18 19 20
3 7 9 13 14 15 16 17 18 19 20
3 4 6 13 14 15 16 17 18 19 20
2 3 4 5 6 7 8 9 10 12 13

30
2 3 4 5 6 7 8 9 10 11 12
1 5 11 23 24 25 26 27 28 29 30
1 6 7 12 17 18 19 20 21 22 27
1 8 9 10 11 12 23 24 25 27 28
1 2 7 8 9 10 11 12 16 28 30
1 3 7 8 9 10 11 12 26 29 30
1 3 5 6 8 9 10 11 12 26 30
1 4 5 6 7 9 10 11 12 29 30
1 4 5 6 7 8 10 11 12 29 30
1 4 5 6 7 8 9 11 12 29 30
1 2 4 5 6 7 8 9 10 12 30
1 3 4 5 6 7 8 9 10 11 30
15 18 19 20 21 22 24 25 26 27 28
15 16 18 19 20 21 22 23 24 25 27
13 14 17 18 19 20 21 22 25 26 28
5 14 17 18 19 20 21 22 25 26 28
3 15 16 18 19 20 21 22 23 24 27
3 13 14 15 16 17 19 20 21 22 23
3 13 14 15 16 17 18 20 21 22 23
3 13 14 15 16 17 18 19 21 22 23
3 13 14 15 16 17 18 19 20 22 23
3 13 14 15 16 17 18 19 20 21 23
2 4 14 17 18 19 20 21 22 24 29
2 4 13 14 17 23 25 26 27 28 29
2 4 13 14 15 16 24 26 27 28 29
2 6 7 13 15 16 24 25 27 28 30
2 3 4 13 14 17 24 25 26 28 29
2 4 5 13 15 16 24 25 26 27 29
2 6 8 9 10 23 24 25 27 28 30
2 5 6 7 8 9 10 11 12 26 29

34
2 3 4 5 6 7 8 9 10 11 12
1 3 4 5 8 9 12 30 31 33 34
1 2 5 7 8 9 10 11 12 33 34
1 2 5 6 7 9 10 11 12 33 34
1 2 3 4 6 8 10 11 12 32 34
1 4 5 7 8 9 10 11 12 32 34
1 3 4 6 8 9 10 11 12 32 34
1 2 3 5 6 7 9 10 11 12 34
1 2 3 4 6 7 8 10 11 12 34
1 3 4 5 6 7 8 9 11 12 34
1 3 4 5 6 7 8 9 10 12 34
1 2 3 4 5 6 7 8 9 10 11
14 15 16 17 18 19 30 31 32 33 34
13 19 20 21 22 23 24 25 28 31 33
13 16 17 18 19 25 28 29 31 32 33
13 15 17 18 19 26 27 28 29 31 33
13 15 16 18 19 26 27 29 31 32 33
13 15 16 17 19 26 27 29 31 32 33
13 14 15 16 17 18 25 28 29 30 31
14 21 22 23 24 25 26 27 28 29 30
14 20 22 23 24 25 26 27 28 29 30
14 20 21 23 24 25 26 27 28 29 30
14 20 21 22 24 25 26 27 28 29 30
14 20 21 22 23 25 26 27 28 29 30
14 15 19 20 21 22 23 24 26 27 30
16 17 18 20 21 22 23 24 25 28 29
16 17 18 20 21 22 23 24 25 28 32
14 15 16 19 20 21 22 23 24 26 27
15 16 17 18 19 20 21 22 23 24 26
2 13 19 20 21 22 23 24 25 31 32
2 13 14 15 16 17 18 19 30 32 33
5 6 7 13 15 17 18 27 30 31 33
2 3 4 13 14 15 16 17 18 31 32
2 3 4 5 6 7 8 9 10 11 13

36
2 3 4 5 6 7 8 9 10 11 12 13 14 15 16
1 3 4 5 6 7 8 17 18 19 20 21 22 23 24
1 2 4 9 10 11 12 17 18 19 20 25 26 27 28
1 2 3 13 14 15 16 21 22 23 24 25 26 27 28
1 2 6 9 11 13 15 17 19 21 23 29 30 33 34
1 2 5 10 12 14 16 18 20 22 24 29 30 33 34
1 2 8 9 11 14 16 17 19 22 24 31 32 35 36
1 2 7 10 12 13 15 18 20 21 23 31 32 35 36
1 3 5 7 10 14 15 17 19 25 28 29 31 33 35
1 3 6 8 9 13 16 18 20 26 27 29 31 33 35
1 3 5 7 12 13 16 17 19 26 27 30 32 34 36
1 3 6 8 11 14 15 18 20 25 28 30 32 34 36
1 4 5 8 10 11 14 21 23 26 27 29 32 33 36
1 4 6 7 9 12 13 22 24 25 28 29 32 33 36
1 4 5 8 9 12 16 21 23 25 28 30 31 34 35
1 4 6 7 10 11 15 22 24 26 27 30 31 34 35
2 3 5 7 9 11 18 22 23 26 28 29 32 34 35
2 3 6 8 10 12 17 21 24 25 27 29 32 34 35
2 3 5 7 9 11 20 21 24 25 27 30 31 33 36
2 3 6 8 10 12 19 22 23 26 28 30 31 33 36
2 4 5 8 13 15 18 19 22 25 27 29 31 34 36
2 4 6 7 14 16 17 20 21 26 28 29 31 34 36
2 4 5 8 13 15 17 20 24 26 28 30 32 33 35
2 4 6 7 14 16 18 19 23 25 27 30 32 33 35
3 4 9 12 14 15 18 19 21 24 26 29 30 35 36
3 4 10 11 13 16 17 20 22 23 25 29 30 35 36
3 4 10 11 13 16 18 19 21 24 28 31 32 33 34
3 4 9 12 14 15 17 20 22 23 27 31 32 33 34
5 6 9 10 13 14 17 18 21 22 25 26 30 31 32
5 6 11 12 15 16 19 20 23 24 25 26 29 31 32
7 8 9 10 15 16 19 20 21 22 27 28 29 30 32
7 8 11 12 13 14 17 18 23 24 27 28 29 30 31
5 6 9 10 13 14 19 20 23 24 27 28 34 35 36
5 6 11 12 15 16 17 18 21 22 27 28 33 35 36
7 8 9 10 15 16 17 18 23 24 25 26 33 34 36
7 8 11 12 13 14 19 20 21 22 25 26 33 34 35

33
2 3 4 5 6 7 8 9 12 13 14 15 16 17 18 19 20 21 22 23
1 3 4 6 7 8 9 10 14 15 16 17 18 19 20 21 24 25 32 33
1 2 5 6 7 8 9 11 12 13 16 17 18 19 22 23 24 25 30 31
1 2 5 6 8 9 10 11 12 13 16 17 20 21 26 27 28 29 30 31
1 3 4 7 8 9 10 11 14 15 18 19 22 23 26 27 28 29 32 33
1 2 3 4 7 9 10 11 12 13 14 15 20 21 24 25 28 29 32 33
1 2 3 5 6 8 10 11 12 13 14 15 22 23 24 25 26 27 30 31
1 2 3 4 5 7 10 11 14 15 18 19 24 25 26 27 28 29 30 31
1 2 3 4 5 6 10 11 12 13 16 17 24 25 26 27 28 29 32 33
2 4 5 6 7 8 9 11 16 17 20 21 22 23 26 27 30 31 32 33
3 4 5 6 7 8 9 10 18 19 20 21 22 23 28 29 30 31 32 33
1 3 4 6 7 9 14 15 16 17 20 21 22 23 24 25 26 27 28 29 30 31
1 3 4 6 7 9 14 15 16 17 20 21 22 23 24 25 26 27 28 29 30 31
1 2 5 6 7 8 12 13 18 19 20 21 22 23 24 25 26 27 28 29 32 33
1 2 5 6 7 8 12 13 18 19 20 21 22 23 24 25 26 27 28 29 32 33
1 2 3 4 9 10 12 13 18 19 20 21 22 23 24 25 26 27 30 31 32 33
1 2 3 4 9 10 12 13 18 19 20 21 22 23 24 25 26 27 30 31 32 33
1 2 3 5 8 11 14 15 16 17 20 21 22 23 24 25 28 29 30 31 32 33
1 2 3 5 8 11 14 15 16 17 20 21 22 23 24 25 28 29 30 31 32 33
1 2 4 6 10 11 12 13 14 15 16 17 18 19 22 23 28 29 30 31 32 33
1 2 4 6 10 11 12 13 14 15 16 17 18 19 22 23 28 29 30 31 32 33
1 3 5 7 10 11 12 13 14 15 16 17 18 19 20 21 26 27 30 31 32 33
1 3 5 7 10 11 12 13 14 15 16 17 18 19 20 21 26 27 30 31 32 33
2 3 6 7 8 9 12 13 14 15 16 17 18 19 26 27 28 29 30 31 32 33
2 3 6 7 8 9 12 13 14 15 16 17 18 19 26 27 28 29 30 31 32 33
4 5 7 8 9 10 12 13 14 15 16 17 22 23 24 25 28 29 30 31 32 33
4 5 7 8 9 10 12 13 14 15 16 17 22 23 24 25 28 29 30 31 32 33
4 5 6 8 9 11 12 13 14 15 18 19 20 21 24 25 26 27 30 31 32 33
4 5 6 8 9 11 12 13 14 15 18 19 20 21 24 25 26 27 30 31 32 33
3 4 7 8 10 11 12 13 16 17 18 19 20 21 22 23 24 25 26 27 28 29
3 4 7 8 10 11 12 13 16 17 18 19 20 21 22 23 24 25 26 27 28 29
2 5 6 9 10 11 14 15 16 17 18 19 20 21 22 23 24 25 26 27 28 29
2 5 6 9 10 11 14 15 16 17 18 19 20 21 22 23 24 25 26 27 28 29

32
2 3 4 5 6 7 8 17 18 19 20 21 22 23 24
1 10 11 12 13 14 15 17 18 21 22 23 24 29 30
1 6 7 11 12 13 16 18 19 23 24 27 28 29 32
1 5 8 10 12 13 16 17 20 23 24 27 28 30 31
1 4 7 11 14 15 16 20 21 22 23 25 30 31 32
1 3 8 10 14 15 16 19 21 22 24 26 29 31 32
1 3 5 9 10 12 14 17 19 21 23 25 27 29 31
1 4 6 9 11 13 15 18 20 22 24 26 28 30 32
7 8 12 13 14 15 16 25 26 27 28 29 30 31 32
2 4 6 7 13 15 16 17 19 22 23 25 28 29 31
2 3 5 8 12 14 16 18 20 21 24 26 27 30 32
2 3 4 7 9 11 15 17 18 20 23 25 27 28 30
2 3 4 8 9 10 14 17 18 19 24 26 27 28 29
2 5 6 7 9 11 13 18 19 21 22 25 26 29 32
2 5 6 8 9 10 12 17 20 21 22 25 26 30 31
3 4 5 6 9 10 11 19 20 25 26 27 28 31 32
1 2 4 7 10 12 13 15 18 19 20 21 26 27 31 32
1 2 3 8 11 12 13 14 17 19 20 22 25 28 31 32
1 3 6 7 10 13 14 16 17 18 20 22 25 26 27 30
1 4 5 8 11 12 15 16 17 18 19 21 25 26 28 29
1 2 5 6 7 11 14 15 17 20 24 26 27 28 29 31
1 2 5 6 8 10 14 15 18 19 23 25 27 28 30 32
1 2 3 4 5 7 10 12 22 24 25 26 28 29 30 32
1 2 3 4 6 8 11 13 21 23 25 26 27 29 30 31
5 7 9 10 12 14 15 16 18 19 20 22 23 24 26 28
6 8 9 11 13 14 15 16 17 19 20 21 23 24 25 27
3 4 7 9 11 12 13 16 17 19 21 22 24 26 30 31
3 4 8 9 10 12 13 16 18 20 21 22 23 25 29 32
2 3 6 7 9 10 13 14 20 21 23 24 28 30 31 32
2 4 5 8 9 11 12 15 19 22 23 24 27 29 31 32
4 5 6 7 9 10 15 16 17 18 21 24 27 29 30 32
3 5 6 8 9 11 14 16 17 18 22 23 28 29 30 31

16
2 3 4 5 6 7 8 9 10 11
1 3 4 5 6 7 8 12 13 14
1 2 4 5 6 9 10 12 13 15
1 2 3 7 8 9 10 12 13 16
1 2 3 6 7 9 11 12 14 15
1 2 3 5 8 10 11 13 14 15
1 2 4 5 8 9 11 12 14 16
1 2 4 6 7 10 11 13 14 16
1 3 4 5 7 10 11 12 15 16
1 3 4 6 8 9 11 13 15 16
1 5 6 7 8 9 10 14 15 16
2 3 4 5 7 9 13 14 15 16
2 3 4 6 8 10 12 14 15 16
2 5 6 7 8 11 12 13 15 16
3 5 6 9 10 11 12 13 14 16
4 7 8 9 10 11 12 13 14 15

32
2 3 4 5 6 7 8 9 10 11 12 13 14 15 16
1 3 4 5 6 7 8 9 10 18 19 20 21 22 23
1 2 4 5 6 7 11 12 13 18 19 20 24 25 26
1 2 3 5 6 8 11 14 15 18 21 22 24 25 27
1 2 3 4 6 9 12 14 16 19 21 23 24 26 27
1 2 3 4 5 10 13 15 16 20 22 23 25 26 27
1 2 3 8 9 10 11 12 13 18 19 20 28 29 30
1 2 4 7 9 10 11 14 15 18 21 22 29 30 31
1 2 5 7 8 10 12 14 16 19 21 23 28 30 31
1 2 6 7 8 9 13 15 16 20 22 23 28 29 31
1 3 4 7 8 12 13 14 15 18 24 25 29 30 32
1 3 5 7 9 11 13 14 16 19 24 26 28 30 32
1 3 6 7 10 11 12 15 16 20 25 26 28 29 32
1 4 5 8 9 11 12 15 16 21 24 27 30 31 32
1 4 6 8 10 11 13 14 16 22 25 27 29 31 32
1 5 6 9 10 12 13 14 15 23 26 27 28 31 32
18 19 20 21 22 23 24 25 26 27 28 29 30 31 32
2 3 4 7 8 11 17 19 20 21 22 24 25 29 30
2 3 5 7 9 12 17 18 20 21 23 24 26 28 30
2 3 6 7 10 13 17 18 19 22 23 25 26 28 29
2 4 5 8 9 14 17 18 19 22 23 24 27 30 31
2 4 6 8 10 15 17 18 20 21 23 25 27 29 31
2 5 6 9 10 16 17 19 20 21 22 26 27 28 31
3 4 5 11 12 14 17 18 19 21 25 26 27 30 32
3 4 6 11 13 15 17 18 20 22 24 26 27 29 32
3 5 6 12 13 16 17 19 20 23 24 25 27 28 32
4 5 6 14 15 16 17 21 22 23 24 25 26 31 32
7 9 10 12 13 16 17 19 20 23 26 29 30 31 32
7 8 10 11 13 15 17 18 20 22 25 28 30 31 32
7 8 9 11 12 14 17 18 19 21 24 28 29 31 32
8 9 10 14 15 16 17 21 22 23 27 28 29 30 32
11 12 13 14 15 16 17 24 25 26 27 28 29 30 31

64
2 3 4 5 6 7 8 9 10 11 12 13 14 15 16 17 18 19 20 21 22
1 4 5 6 7 11 12 13 14 21 22 30 31 32 33 34 41 42 47 52 53
1 4 5 6 7 15 16 17 18 19 20 30 35 36 37 38 39 40 54 55 56
1 2 3 6 7 11 14 15 17 19 21 30 31 34 35 37 39 41 48 57 58
1 2 3 6 7 12 13 16 18 20 22 30 32 33 36 38 40 42 49 61 64
1 2 3 4 5 11 14 16 18 20 21 30 32 33 35 37 39 42 50 60 62
1 2 3 4 5 12 13 15 17 19 22 30 31 34 36 38 40 41 51 59 63
1 9 10 11 12 13 14 15 16 17 18 43 44 45 46 47 48 49 50 51 54
1 8 10 11 12 15 18 19 20 21 22 43 44 45 46 52 55 57 59 60 64
1 8 9 13 14 16 17 19 20 21 22 43 44 45 46 53 56 58 61 62 63
1 2 4 6 8 9 12 14 15 18 21 31 32 35 43 47 48 50 52 57 60
1 2 5 7 8 9 11 13 15 18 22 31 32 38 44 47 49 51 52 59 64
1 2 5 7 8 10 12 14 16 17 22 33 34 36 44 47 49 51 53 61 63
1 2 4 6 8 10 11 13 16 17 21 33 34 37 43 47 48 50 53 58 62
1 3 4 7 8 9 11 12 17 18 19 31 35 38 45 48 51 54 55 57 59
1 3 5 6 8 10 13 14 17 18 20 33 36 37 46 49 50 54 56 61 62
1 3 4 7 8 10 13 14 15 16 19 34 36 37 45 48 51 54 56 58 63
1 3 5 6 8 9 11 12 15 16 20 32 35 38 46 49 50 54 55 60 64
1 3 4 7 9 10 15 17 20 21 22 39 40 41 45 55 56 57 58 59 63
1 3 5 6 9 10 16 18 19 21 22 39 40 42 46 55 56 60 61 62 64
1 2 4 6 9 10 11 14 19 20 22 39 41 42 43 52 53 57 58 60 62
1 2 5 7 9 10 12 13 19 20 21 40 41 42 44 52 53 59 61 63 64
24 25 26 27 28 29 30 31 32 33 34 35 36 37 38 47 48 49 50 51 54
23 25 26 27 28 29 30 31 32 35 38 39 40 41 42 52 55 57 59 60 64
23 24 26 27 28 29 30 33 34 36 37 39 40 41 42 53 56 58 61 62 63
23 24 25 27 28 29 31 34 41 43 44 45 47 48 51 52 53 57 58 59 63
23 24 25 26 28 29 32 33 42 43 44 46 47 49 50 52 53 60 61 62 64
23 24 25 26 27 29 35 37 39 43 45 46 48 50 54 55 56 57 58 60 62
23 24 25 26 27 28 36 38 40 44 45 46 49 51 54 55 56 59 61 63 64
2 3 4 5 6 7 23 24 25 31 32 33 34 35 36 37 38 39 40 41 42
2 4 7 11 12 15 23 24 26 30 32 34 35 38 41 47 48 51 52 57 59
2 5 6 11 12 18 23 24 27 30 31 33 35 38 42 47 49 50 52 60 64
2 5 6 13 14 16 23 25 27 30 32 34 36 37 42 47 49 50 53 61 62
2 4 7 13 14 17 23 25 26 30 31 33 36 37 41 47 48 51 53 58 63
3 4 6 11 15 18 23 24 28 30 31 32 37 38 39 48 50 54 55 57 60
3 5 7 13 16 17 23 25 29 30 33 34 37 38 40 49 51 54 56 61 63
3 4 6 14 16 17 23 25 28 30 33 34 35 36 39 48 50 54 56 58 62
3 5 7 12 15 18 23 24 29 30 31 32 35 36 40 49 51 54 55 59 64
3 4 6 19 20 21 24 25 28 30 35 37 40 41 42 55 56 57 58 60 62
3 5 7 19 20 22 24 25 29 30 36 38 39 41 42 55 56 59 61 63 64
2 4 7 19 21 22 24 25 26 30 31 34 39 40 42 52 53 57 58 59 63
2 5 6 20 21 22 24 25 27 30 32 33 39 40 41 52 53 60 61 62 64
8 9 10 11 14 21 26 27 28 44 45 46 47 48 50 52 53 57 58 60 62
8 9 10 12 13 22 26 27 29 43 45 46 47 49 51 52 53 59 61 63 64
8 9 10 15 17 19 26 28 29 43 44 46 48 51 54 55 56 57 58 59 63
8 9 10 16 18 20 27 28 29 43 44 45 49 50 54 55 56 60 61 62 64
2 8 11 12 13 14 23 26 27 31 32 33 34 43 44 48 49 50 51 52 53
4 8 11 14 15 17 23 26 28 31 34 35 37 43 45 47 50 51 54 57 58
5 8 12 13 16 18 23 27 29 32 33 36 38 44 46 47 50 51 54 61 64
6 8 11 14 16 18 23 27 28 32 33 35 37 43 46 47 48 49 54 60 62
7 8 12 13 15 17 23 26 29 31 34 36 38 44 45 47 48 49 54 59 63
2 9 11 12 21 22 24 26 27 31 32 41 42 43 44 47 53 57 59 60 64
2 10 13 14 21 22 25 26 27 33 34 41 42 43 44 47 52 58 61 62 63
3 8 15 16 17 18 23 28 29 35 36 37 38 45 46 48 49 50 51 55 56
3 9 15 18 19 20 24 28 29 35 38 39 40 45 46 54 56 57 59 60 64
3 10 16 17 19 20 25 28 29 36 37 39 40 45 46 54 55 58 61 62 63
4 9 11 15 19 21 24 26 28 31 35 39 41 43 45 48 52 55 58 59 60
4 10 14 17 19 21 25 26 28 34 37 39 41 43 45 48 53 56 57 62 63
7 9 12 15 19 22 24 26 29 31 38 40 41 44 45 51 52 55 57 63 64
6 9 11 18 20 21 24 27 28 32 35 39 42 43 46 50 52 55 57 62 64
5 10 13 16 20 22 25 27 29 33 36 40 42 44 46 49 53 56 62 63 64
6 10 14 16 20 21 25 27 28 33 37 39 42 43 46 50 53 56 58 60 61
7 10 13 17 19 22 25 26 29 34 36 40 41 44 45 51 53 56 58 59 61
5 9 12 18 20 22 24 27 29 32 38 40 42 44 46 49 52 55 59 60 61

