7
2 3 4 5 6 7
1 3 4 5 6 7
1 2 4 5 6 7
1 2 3 5 6 7
1 2 3 4 6 7
1 2 3 4 5 7
1 2 3 4 5 6

8
8
3 4 5 6 7 8
2 4 5 6 7 8
2 3 5 6 7 8
2 3 4 6 7 8
2 3 4 5 7 8
2 3 4 5 6 8
1 2 3 4 5 6 7

8
3 4 5 6 7 8
3 4 5 6 7 8
1 2 4 5 6 7 8
1 2 3 5 6 7 8
1 2 3 4 6 7 8
1 2 3 4 5 7 8
1 2 3 4 5 6 8
1 2 3 4 5 6 7

9
9
9
4 5 6 7 8 9
3 5 6 7 8 9
3 4 6 7 8 9
3 4 5 7 8 9
3 4 5 6 8 9
3 4 5 6 7 9
1 2 3 4 5 6 7 8

9
4 5 6 7 8 9
4 5 6 7 8 9
4 5 6 7 8 9
1 2 3 5 6 7 8 9
1 2 3 4 6 7 8 9
1 2 3 4 5 7 8 9
1 2 3 4 5 6 8 9
1 2 3 4 5 6 7 9
1 2 3 4 5 6 7 8

9
2 3 6 7 8 9
1 4 6 7 8 9
1 5 6 7 8 9
2 5 6 7 8 9
3 4 6 7 8 9
1 2 3 4 5 7 8 9
1 2 3 4 5 6 8 9
1 2 3 4 5 6 7 9
1 2 3 4 5 6 7 8

10
10
10
10
5 6 7 8 9 10
4 6 7 8 9 10
4 5 7 8 9 10
4 5 6 8 9 10
4 5 6 7 9 10
4 5 6 7 8 10
1 2 3 4 5 6 7 8 9

10
5 6 7 8 9 10
5 6 7 8 9 10
5 6 7 8 9 10
5 6 7 8 9 10
1 2 3 4 6 7 8 9 10
1 2 3 4 5 7 8 9 10
1 2 3 4 5 6 8 9 10
1 2 3 4 5 6 7 9 10
1 2 3 4 5 6 7 8 10
1 2 3 4 5 6 7 8 9

28
2 3 4 5 6 7 8 9 10 11 12 13
1 3 4 5 6 7 8 14 15 16 17 18
1 2 4 5 7 9 10 14 15 19 20 21
1 2 3 6 8 9 10 16 17 20 21 24
1 2 3 6 7 11 12 14 15 19 22 23
1 2 4 5 8 11 12 16 17 22 23 24
1 2 3 5 10 12 13 14 15 18 27 28
1 2 4 6 9 11 13 16 17 18 25 26
1 3 4 8 10 11 13 19 20 21 25 26
1 3 4 7 9 12 13 20 21 24 27 28
1 5 6 8 9 12 13 19 22 23 25 26
1 5 6 7 10 11 13 22 23 24 27 28
1 7 8 9 10 11 12 18 25 26 27 28
2 3 5 7 15 16 18 19 20 22 25 27
2 3 5 7 14 17 18 19 21 23 26 28
2 4 6 8 14 17 18 20 22 24 25 27
2 4 6 8 15 16 18 21 23 24 26 28
2 7 8 13 14 15 16 17 25 26 27 28
3 5 9 11 14 15 20 21 22 23 25 26
3 4 9 10 14 16 19 21 22 24 25 27
3 4 9 10 15 17 19 20 23 24 26 28
5 6 11 12 14 16 19 20 23 24 25 27
5 6 11 12 15 17 19 21 22 24 26 28
4 6 10 12 16 17 20 21 22 23 27 28
8 9 11 13 14 16 18 19 20 22 26 27
8 9 11 13 15 17 18 19 21 23 25 28
7 10 12 13 14 16 18 20 22 24 25 28
7 10 12 13 15 17 18 21 23 24 26 27

28
2 3 4 5 6 7 8 9 10 11 12 13
1 3 4 5 6 7 8 14 15 16 17 18
1 2 4 5 6 7 8 19 20 21 22 23
1 2 3 5 6 9 10 14 15 19 20 24
1 2 3 4 7 9 12 14 17 19 22 27
1 2 3 4 8 10 13 15 18 20 23 28
1 2 3 5 8 11 12 16 17 21 22 25
1 2 3 6 7 11 13 16 18 21 23 26
1 4 5 10 11 12 13 14 19 24 26 27
1 4 6 9 11 12 13 15 20 24 25 28
1 7 8 9 10 12 13 16 21 24 25 26
1 5 7 9 10 11 13 17 22 25 27 28
1 6 8 9 10 11 12 18 23 26 27 28
2 4 5 9 15 16 17 18 19 24 26 27
2 4 6 10 14 16 17 18 20 24 25 28
2 7 8 11 14 15 17 18 21 24 25 26
2 5 7 12 14 15 16 18 22 25 27 28
2 6 8 13 14 15 16 17 23 26 27 28
3 4 5 9 14 20 21 22 23 24 26 27
3 4 6 10 15 19 21 22 23 24 25 28
3 7 8 11 16 19 20 22 23 24 25 26
3 5 7 12 17 19 20 21 23 25 27 28
3 6 8 13 18 19 20 21 22 26 27 28
4 9 10 11 14 15 16 19 20 21 25 26
7 10 11 12 15 16 17 20 21 22 24 28
8 9 11 13 14 16 18 19 21 23 24 27
5 9 12 13 14 17 18 19 22 23 26 28
6 10 12 13 15 17 18 20 22 23 25 27

28
2 3 4 5 6 7 8 9 10 11 12 13
1 3 4 5 6 7 8 14 15 16 17 18
1 2 5 6 7 9 10 15 17 19 21 22
1 2 5 6 8 11 12 14 16 20 23 24
1 2 3 4 6 11 12 15 17 21 23 27
1 2 3 4 5 10 12 16 17 22 24 28
1 2 3 8 9 10 13 14 15 18 19 26
1 2 4 7 9 11 13 14 16 18 20 25
1 3 7 8 10 11 13 19 20 21 22 25
1 3 6 7 9 12 13 19 22 24 26 28
1 4 5 8 9 12 13 20 21 23 25 27
1 4 5 6 10 11 13 23 24 26 27 28
1 7 8 9 10 11 12 18 25 26 27 28
2 4 7 8 15 16 18 19 20 23 24 26
2 3 5 7 14 17 18 19 21 23 26 27
2 4 6 8 14 17 18 20 22 24 25 28
2 3 5 6 15 16 18 21 22 25 27 28
2 7 8 13 14 15 16 17 25 26 27 28
3 7 9 10 14 15 20 21 22 23 24 26
4 8 9 11 14 16 19 21 22 23 24 25
3 5 9 11 15 17 19 20 22 23 25 27
3 6 9 10 16 17 19 20 21 24 25 28
4 5 11 12 14 15 19 20 21 24 26 27
4 6 10 12 14 16 19 20 22 23 26 28
8 9 11 13 16 17 18 20 21 22 27 28
7 10 12 13 14 15 18 19 23 24 27 28
5 11 12 13 15 17 18 21 23 25 26 28
6 10 12 13 16 17 18 22 24 25 26 27

10
4 7 8 10
5 7 9 10
6 8 9 10
1 5 6 7 8 9 10
2 4 6 7 8 9 10
3 4 5 7 8 9 10
1 2 4 5 6 8 9 10
1 3 4 5 6 7 9 10
2 3 4 5 6 7 8 10
1 2 3 4 5 6 7 8 9

10
5 6 7 8
5 6 9 10
7 8 9 10
5 6 7 8 9 10
1 2 4 6 7 8 9 10
1 2 4 5 7 8 9 10
1 3 4 5 6 8 9 10
1 3 4 5 6 7 9 10
2 3 4 5 6 7 8 10
2 3 4 5 6 7 8 9

11
2 3 4 7 8 9 10 11
1 5 6 7 8 9 10 11
1 5 6 7 8 9 10 11
1 5 6 7 8 9 10 11
2 3 4 7 8 9 10 11
2 3 4 7 8 9 10 11
1 2 3 4 5 6 8 9 10 11
1 2 3 4 5 6 7 9 10 11
1 2 3 4 5 6 7 8 10 11
1 2 3 4 5 6 7 8 9 11
1 2 3 4 5 6 7 8 9 10

11
2 3 4 5 9 10 11
1 3 4 6 9 10 11
1 2 4 7 9 10 11
1 2 3 8 9 10 11
1 6 7 8 9 10 11
2 5 7 8 9 10 11
3 5 6 8 9 10 11
4 5 6 7 9 10 11
1 2 3 4 5 6 7 8 10 11
1 2 3 4 5 6 7 8 9 11
1 2 3 4 5 6 7 8 9 10

11
2 7 8 9 10 11
1 7 8 9 10 11
4 5 6 7 8 9 11
3 5 6 7 8 10 11
3 4 6 7 9 10 11
3 4 5 8 9 10 11
1 2 3 4 5 8 9 10 11
1 2 3 4 6 7 9 10 11
1 2 3 5 6 7 8 10 11
1 2 4 5 6 7 8 9 11
1 2 3 4 5 6 7 8 9 10

11
2 10 11
1 10 11
4 6 8 9 11
3 7 8 9 11
6 7 8 9 10 11
3 5 7 8 9 10 11
4 5 6 8 9 10 11
3 4 5 6 7 9 10 11
3 4 5 6 7 8 10 11
1 2 5 6 7 8 9 11
1 2 3 4 5 6 7 8 9 10

11
2 10 11
1 10 11
4 7 8 9 10
3 7 8 9 11
6 7 8 9 10 11
5 7 8 9 10 11
3 4 5 6 8 9 10 11
3 4 5 6 7 9 10 11
3 4 5 6 7 8 10 11
1 2 3 5 6 7 8 9 11
1 2 4 5 6 7 8 9 10

11
2 9 10 11
1 9 10 11
4 9 10 11
3 9 10 11
6 7 8 9 10 11
5 7 8 9 10 11
5 6 8 9 10 11
5 6 7 9 10 11
1 2 3 4 5 6 7 8 10 11
1 2 3 4 5 6 7 8 9 11
1 2 3 4 5 6 7 8 9 10

11
6 7
8 9
10 11
6 7 8 9 10 11
6 7 8 9 10 11
1 4 5 7 8 9 10 11
1 4 5 6 8 9 10 11
2 4 5 6 7 9 10 11
2 4 5 6 7 8 10 11
3 4 5 6 7 8 9 11
3 4 5 6 7 8 9 10

12
7 8 9 10 11 12
7 8 9 10 11 12
7 8 9 10 11 12
7 8 9 10 11 12
7 8 9 10 11 12
7 8 9 10 11 12
1 2 3 4 5 6 8 9 10 11 12
1 2 3 4 5 6 7 9 10 11 12
1 2 3 4 5 6 7 8 10 11 12
1 2 3 4 5 6 7 8 9 11 12
1 2 3 4 5 6 7 8 9 10 12
1 2 3 4 5 6 7 8 9 10 11

12
6 7 11 12
4 5 6 7 9 10
4 5 9 10 11 12
2 3 5 8 9 11 12
2 3 4 8 10 11 12
1 2 7 8 9 10 11 12
1 2 6 8 9 10 11 12
4 5 6 7 9 10 11 12
2 3 4 6 7 8 10 11 12
2 3 5 6 7 8 9 11 12
1 3 4 5 6 7 8 9 10 12
1 3 4 5 6 7 8 9 10 11

12
11
11 12
7 8 12
9 10 12
7 8 9 10 11
7 8 9 10 11 12
3 5 6 8 9 10 11 12
3 5 6 7 9 10 11 12
4 5 6 7 8 10 11 12
4 5 6 7 8 9 11 12
1 2 5 6 7 8 9 10 12
2 3 4 6 7 8 9 10 11

12
12
6 7 8 9 12
6 7 10 11 12
8 9 10 11 12
6 7 8 9 10 11
2 3 5 7 8 9 10 11 12
2 3 5 6 8 9 10 11 12
2 4 5 6 7 9 10 11 12
2 4 5 6 7 8 10 11 12
3 4 5 6 7 8 9 11 12
3 4 5 6 7 8 9 10 12
1 2 3 4 6 7 8 9 10 11

12
2 10 12
1 3 11 12
2 6 7 11 12
5 6 8 9 10 11 12
4 7 8 9 10 11 12
3 4 7 8 9 10 11 12
3 5 6 8 9 10 11 12
4 5 6 7 9 10 11 12
4 5 6 7 8 10 11 12
1 4 5 6 7 8 9 11 12
2 3 4 5 6 7 8 9 10 12
1 2 3 4 5 6 7 8 9 10 11

12
8 9 10
8 9 11
8 10 12
8 11 12
6 7 9 10 11 12
5 7 9 10 11 12
5 6 9 10 11 12
1 2 3 4 9 10 11 12
1 2 5 6 7 8 10 11 12
1 3 5 6 7 8 9 11 12
2 4 5 6 7 8 9 10 12
3 4 5 6 7 8 9 10 11

20
2 3 4 5 6 7 8
1 3 4 8 17 18 19
1 2 4 8 17 19 20
1 2 3 7 18 19 20
1 6 7 8 18 19 20
1 5 7 8 18 19 20
1 4 5 6 8 18 20
1 2 3 5 6 7 17
12 13 14 15 16 17 20
11 12 13 14 15 16 17
10 12 13 14 15 16 17
9 10 11 13 14 15 16
9 10 11 12 14 15 16
9 10 11 12 13 15 16
9 10 11 12 13 14 16
9 10 11 12 13 14 15
2 3 8 9 10 11 18
2 4 5 6 7 17 19
2 3 4 5 6 18 20
3 4 5 6 7 9 19

18
2 3 4 5 6 7 8 9
1 4 9 12 13 16 17 18
1 5 6 7 8 9 14 17
1 2 5 6 7 8 11 15
1 3 4 6 7 8 9 18
1 3 4 5 7 8 9 18
1 3 4 5 6 8 9 18
1 3 4 5 6 7 9 18
1 2 3 5 6 7 8 16
11 12 13 14 15 16 17 18
4 10 12 13 14 15 17 18
2 10 11 13 14 15 16 18
2 10 11 12 14 15 16 17
3 10 11 12 13 15 16 17
4 10 11 12 13 14 16 17
2 9 10 12 13 14 15 17
2 3 10 11 13 14 15 16
2 5 6 7 8 10 11 12

20
2 3 4 5 6 7 8 9
1 11 12 13 14 15 16 19
1 4 7 9 10 17 18 20
1 3 5 8 9 18 19 20
1 4 6 8 9 18 19 20
1 5 7 8 9 18 19 20
1 3 6 8 9 17 19 20
1 4 5 6 7 9 19 20
1 3 4 5 6 7 8 18
3 11 12 13 14 15 16 18
2 10 12 13 14 15 16 17
2 10 11 13 14 15 16 17
2 10 11 12 14 15 16 17
2 10 11 12 13 15 16 17
2 10 11 12 13 14 16 17
2 10 11 12 13 14 15 17
3 7 11 12 13 14 15 16
3 4 5 6 9 10 19 20
2 4 5 6 7 8 18 20
3 4 5 6 7 8 18 19

21
2 3 4 5 6 7 8 9
1 4 6 7 8 9 19 21
1 5 6 7 8 9 19 21
1 2 6 7 8 9 20 21
1 3 6 7 8 9 20 21
1 2 3 4 5 7 8 9
1 2 3 4 5 6 8 9
1 2 3 4 5 6 7 9
1 2 3 4 5 6 7 8
13 14 16 17 18 19 20 21
12 13 15 16 17 18 19 21
11 13 15 16 17 18 20 21
10 11 12 14 15 17 18 21
10 13 15 16 17 18 19 20
11 12 13 14 17 18 19 20
10 11 12 14 17 18 19 20
10 11 12 13 14 15 16 19
10 11 12 13 14 15 16 20
2 3 10 11 14 15 16 17
4 5 10 12 14 15 16 18
2 3 4 5 10 11 12 13

22
2 3 4 5 6 7 8 9
1 5 6 15 16 17 18 20
1 5 8 9 19 20 21 22
1 7 8 9 19 20 21 22
1 2 3 6 17 18 20 22
1 2 5 7 9 20 21 22
1 4 6 8 9 19 21 22
1 3 4 7 9 19 21 22
1 3 4 6 7 8 19 21
11 12 13 14 15 16 17 18
10 12 13 14 15 16 17 18
10 11 13 14 15 16 17 18
10 11 12 14 15 16 17 18
10 11 12 13 15 16 17 18
2 10 11 12 13 14 17 20
2 10 11 12 13 14 18 20
2 5 10 11 12 13 14 15
2 5 10 11 12 13 14 16
3 4 7 8 9 20 21 22
2 3 4 5 6 15 16 19
3 4 6 7 8 9 19 22
3 4 5 6 7 8 19 21

23
2 3 4 5 6 7 8 9
1 3 7 19 20 21 22 23
1 2 6 19 20 21 22 23
1 7 8 9 20 21 22 23
1 6 8 9 15 16 17 18
1 3 5 8 9 19 22 23
1 2 4 8 9 19 20 21
1 4 5 6 7 9 15 16
1 4 5 6 7 8 17 18
11 12 13 14 15 16 17 18
10 12 13 14 15 16 17 18
10 11 13 14 15 16 17 18
10 11 12 14 15 16 17 18
10 11 12 13 15 16 17 18
5 8 10 11 12 13 14 17
5 8 10 11 12 13 14 18
5 9 10 11 12 13 14 15
5 9 10 11 12 13 14 16
2 3 6 7 20 21 22 23
2 3 4 7 19 21 22 23
2 3 4 7 19 20 22 23
2 3 4 6 19 20 21 23
2 3 4 6 19 20 21 22

24
2 3 4 5 6 7 8 9
1 3 8 9 15 16 19 22
1 2 8 9 17 18 19 22
1 5 6 9 20 21 23 24
1 4 6 7 20 21 23 24
1 4 5 7 20 21 23 24
1 5 6 8 20 22 23 24
1 2 3 7 9 19 21 22
1 2 3 4 8 22 23 24
11 12 13 14 15 16 17 18
10 12 13 14 15 16 17 18
10 11 13 14 15 16 17 18
10 11 12 14 15 16 17 18
10 11 12 13 15 16 17 18
2 10 11 12 13 14 17 19
2 10 11 12 13 14 18 19
3 10 11 12 13 14 15 19
3 10 11 12 13 14 16 19
2 3 8 15 16 17 18 22
4 5 6 7 21 22 23 24
4 5 6 8 20 22 23 24
2 3 7 8 9 19 20 21
4 5 6 7 9 20 21 24
4 5 6 7 9 20 21 23

25
2 3 4 5 6 7 8 9
1 7 9 20 21 22 24 25
1 4 5 7 8 9 24 25
1 3 5 6 7 8 24 25
1 3 4 6 8 9 23 25
1 4 5 7 8 9 22 23
1 2 3 4 6 8 9 25
1 3 4 5 6 7 9 25
1 2 3 5 6 7 8 23
11 12 13 14 20 21 22 24
10 12 15 16 17 18 19 20
10 11 15 16 17 18 19 21
10 14 15 16 17 18 19 21
10 13 15 16 17 18 19 20
11 12 13 14 16 17 18 19
11 12 13 14 15 17 18 19
11 12 13 14 15 16 18 19
11 12 13 14 15 16 17 19
11 12 13 14 15 16 17 18
2 10 11 14 21 22 23 24
2 10 12 13 20 22 23 24
2 6 10 20 21 23 24 25
5 6 9 20 21 22 24 25
2 3 4 10 20 21 22 23
2 3 4 5 7 8 22 23

27
2 3 4 5 6 7 8 9
1 4 8 9 18 21 26 27
1 6 7 9 22 23 24 25
1 2 5 8 9 19 20 26
1 4 6 7 8 9 21 27
1 3 5 7 8 9 22 23
1 3 5 6 8 9 24 25
1 2 4 5 6 7 9 27
1 2 3 4 5 6 7 8
11 12 18 19 20 21 26 27
10 12 18 19 20 21 26 27
10 11 18 19 20 21 26 27
14 15 16 17 22 23 24 25
13 15 16 17 22 23 24 25
13 14 16 17 22 23 24 25
13 14 15 17 22 23 24 25
13 14 15 16 22 23 24 25
2 10 11 12 19 20 26 27
4 10 11 12 18 20 21 26
4 10 11 12 18 19 21 26
2 5 10 11 12 19 20 27
3 6 13 14 15 16 17 24
3 6 13 14 15 16 17 25
3 7 13 14 15 16 17 22
3 7 13 14 15 16 17 23
2 4 10 11 12 18 19 20
2 5 8 10 11 12 18 21

18
2 3 4 5 6 7 8 9 10
1 3 4 5 6 7 8 10 11
1 2 4 5 6 7 9 11 12
1 2 3 5 6 7 9 11 12
1 2 3 4 6 7 8 17 18
1 2 3 4 5 7 8 11 18
1 2 3 4 5 6 11 12 18
1 2 5 6 11 13 14 15 16
1 3 4 11 13 14 15 16 17
1 2 11 12 13 14 15 16 17
2 3 4 6 7 8 9 10 18
3 4 7 10 13 14 15 16 17
8 9 10 12 14 15 16 17 18
8 9 10 12 13 15 16 17 18
8 9 10 12 13 14 16 17 18
8 9 10 12 13 14 15 17 18
5 9 10 12 13 14 15 16 18
5 6 7 11 13 14 15 16 17

20
2 3 4 5 6 7 8 9 10
1 4 11 14 15 16 17 19 20
1 4 12 13 14 15 16 17 19
1 2 3 11 12 15 16 17 18
1 6 7 8 9 10 18 19 20
1 5 7 8 9 10 18 19 20
1 5 6 8 9 10 18 19 20
1 5 6 7 9 10 18 19 20
1 5 6 7 8 10 18 19 20
1 5 6 7 8 9 13 18 20
2 4 12 13 15 16 17 18 20
3 4 11 13 14 15 16 17 19
3 10 11 12 14 15 16 17 20
2 3 12 13 15 16 17 18 19
2 3 4 11 12 13 14 16 17
2 3 4 11 12 13 14 15 17
2 3 4 11 12 13 14 15 16
4 5 6 7 8 9 10 11 14
2 3 5 6 7 8 9 12 14
2 5 6 7 8 9 10 11 13

26
2 3 4 5 6 7 8 9 10
1 9 17 20 21 22 23 24 26
1 4 7 10 18 20 22 23 24
1 3 8 9 10 21 22 23 24
1 6 7 8 9 10 19 25 26
1 5 7 8 9 10 19 25 26
1 3 5 6 8 9 10 25 26
1 4 5 6 7 9 10 25 26
1 2 4 5 6 7 8 10 26
1 3 4 5 6 7 8 9 26
12 13 14 15 16 18 21 22 23
11 13 14 15 16 18 20 21 24
11 12 14 15 16 17 18 20 21
11 12 13 15 16 17 18 20 21
11 12 13 14 16 17 18 20 21
11 12 13 14 15 17 18 20 21
2 13 14 15 16 20 22 23 24
3 11 12 13 14 15 16 19 25
5 6 18 20 22 23 24 25 26
2 3 12 13 14 15 16 17 19
2 4 11 12 13 14 15 16 22
2 3 4 11 17 19 21 23 24
2 3 4 11 17 19 22 24 25
2 3 4 12 17 19 22 23 25
5 6 7 8 18 19 23 24 26
2 5 6 7 8 9 10 19 25

28
2 3 4 5 6 7 8 9 10
1 9 10 15 20 22 23 24 28
1 9 10 16 17 18 19 21 22
1 5 9 10 23 24 25 26 27
1 4 9 10 23 24 26 27 28
1 7 8 9 10 25 26 27 28
1 6 8 9 10 25 26 27 28
1 6 7 9 10 25 26 27 28
1 2 3 4 5 6 7 8 10
1 2 3 4 5 6 7 8 9
12 13 14 20 21 22 23 24 28
11 13 14 17 18 19 20 21 22
11 12 14 16 17 18 19 20 21
11 12 13 16 17 18 19 20 21
2 16 17 18 20 22 23 24 28
3 13 14 15 17 18 19 20 21
3 12 13 14 15 16 18 19 21
3 12 13 14 15 16 17 19 21
3 12 13 14 16 17 18 20 21
2 11 12 13 14 15 16 19 22
3 11 12 13 14 16 17 18 19
2 3 11 12 15 20 23 24 27
2 4 5 11 15 22 24 25 27
2 4 5 11 15 22 23 25 26
4 6 7 8 23 24 26 27 28
4 5 6 7 8 24 25 27 28
4 5 6 7 8 22 23 25 26
2 5 6 7 8 11 15 25 26

15
2 3 4 5 6 7 8 9 10 11
1 3 4 5 6 7 8 10 11 13
1 2 4 5 6 7 9 10 12 14
1 2 3 5 6 7 8 12 13 15
1 2 3 4 6 7 11 12 13 15
1 2 3 4 5 7 9 12 14 15
1 2 3 4 5 6 8 12 13 14
1 2 4 7 9 10 11 13 14 15
1 3 6 8 10 11 12 13 14 15
1 2 3 8 9 11 12 13 14 15
1 2 5 8 9 10 12 13 14 15
3 4 5 6 7 9 10 11 14 15
2 4 5 7 8 9 10 11 14 15
3 6 7 8 9 10 11 12 13 15
4 5 6 8 9 10 11 12 13 14

16
2 3 4 5 6 7 8 9 10 11
1 3 4 5 6 8 9 10 11 12
1 2 4 5 6 7 8 9 10 12
1 2 3 5 6 7 8 9 10 12
1 2 3 4 7 9 11 12 13 16
1 2 3 4 9 10 11 14 15 16
1 3 4 5 8 11 12 13 14 15
1 2 3 4 7 10 13 14 15 16
1 2 3 4 5 6 13 14 15 16
1 2 3 4 6 8 13 14 15 16
1 2 5 6 7 12 13 14 15 16
2 3 4 5 7 11 13 14 15 16
5 7 8 9 10 11 12 14 15 16
6 7 8 9 10 11 12 13 15 16
6 7 8 9 10 11 12 13 14 16
5 6 8 9 10 11 12 13 14 15

17
2 3 4 5 6 7 8 9 10 11
1 3 4 5 6 9 10 11 12 17
1 2 4 5 6 8 9 10 12 17
1 2 3 5 7 9 10 11 12 17
1 2 3 4 6 8 9 12 13 17
1 2 3 5 7 8 12 14 15 16
1 4 6 8 10 11 13 14 15 16
1 3 5 6 7 12 13 14 15 16
1 2 3 4 5 12 13 14 15 16
1 2 3 4 7 12 13 14 15 16
1 2 4 7 12 13 14 15 16 17
2 3 4 5 6 8 9 10 11 17
5 7 8 9 10 11 14 15 16 17
6 7 8 9 10 11 13 15 16 17
6 7 8 9 10 11 13 14 16 17
6 7 8 9 10 11 13 14 15 17
2 3 4 5 11 12 13 14 15 16

18
2 3 4 5 6 7 8 9 10 11
1 3 4 5 6 7 8 9 10 11
1 2 4 5 6 7 9 11 12 13
1 2 3 5 6 7 8 10 13 18
1 2 3 4 6 7 8 10 13 18
1 2 3 4 5 7 9 10 12 13
1 2 3 4 5 6 8 9 12 13
1 2 4 5 7 11 14 15 16 17
1 2 3 6 7 14 15 16 17 18
1 2 4 5 6 12 14 15 16 17
1 2 3 8 12 14 15 16 17 18
3 6 7 10 11 14 15 16 17 18
3 4 5 6 7 14 15 16 17 18
8 9 10 11 12 13 15 16 17 18
8 9 10 11 12 13 14 16 17 18
8 9 10 11 12 13 14 15 17 18
8 9 10 11 12 13 14 15 16 18
4 5 9 11 12 13 14 15 16 17

23
2 3 4 5 6 7 8 9 10 11
1 5 14 16 17 18 19 20 22 23
1 4 12 16 17 18 19 20 22 23
1 3 8 14 16 17 18 19 20 23
1 2 11 14 16 17 18 19 20 23
1 9 10 11 12 13 15 21 22 23
1 9 10 11 12 13 14 15 21 23
1 4 9 11 16 17 18 19 20 21
1 6 7 8 10 13 15 21 22 23
1 6 7 9 11 13 14 15 21 22
1 5 6 7 8 10 13 15 21 22
3 6 7 14 15 16 17 18 19 20
6 7 9 10 11 14 15 21 22 23
2 4 5 7 10 12 13 15 22 23
6 7 9 10 11 12 13 14 21 22
2 3 4 5 8 12 17 18 19 20
2 3 4 5 8 12 16 18 19 20
2 3 4 5 8 12 16 17 19 20
2 3 4 5 8 12 16 17 18 20
2 3 4 5 8 12 16 17 18 19
6 7 8 9 10 11 13 15 22 23
2 3 6 9 10 11 13 14 15 21
2 3 4 5 6 7 9 13 14 21

24
2 3 4 5 6 7 8 9 10 11
1 3 12 14 15 18 20 21 23 24
1 2 4 11 17 19 20 22 23 24
1 3 10 11 13 16 20 21 23 24
1 6 7 8 9 10 11 22 23 24
1 5 7 8 9 10 11 22 23 24
1 5 6 8 9 10 11 22 23 24
1 5 6 7 9 10 11 22 23 24
1 5 6 7 8 10 11 22 23 24
1 4 5 6 7 8 9 17 18 21
1 3 4 5 6 7 8 9 19 22
2 13 14 15 16 17 18 19 21 22
4 12 14 15 16 17 18 20 21 22
2 12 13 15 16 17 18 19 20 21
2 12 13 14 16 17 18 19 20 21
4 12 13 14 15 17 18 19 20 21
3 10 12 13 14 15 16 18 19 21
2 10 12 13 14 15 16 17 19 20
3 11 12 14 15 16 17 18 23 24
2 3 4 13 14 15 16 18 21 22
2 4 10 12 13 14 15 16 17 20
3 5 6 7 8 9 11 12 13 20
2 3 4 5 6 7 8 9 19 24
2 3 4 5 6 7 8 9 19 23

25
2 3 4 5 6 7 8 9 10 11
1 7 8 11 18 20 21 22 24 25
1 6 7 9 10 19 22 23 24 25
1 6 8 9 10 11 19 23 24 25
1 7 8 9 10 11 17 20 21 24
1 3 4 7 8 9 10 11 23 25
1 2 3 5 6 8 9 10 11 25
1 2 4 5 6 7 9 10 11 25
1 3 4 5 6 7 8 10 11 25
1 3 4 5 6 7 8 9 11 25
1 2 4 5 6 7 8 9 10 22
13 14 15 16 17 18 19 20 21 23
12 14 15 16 17 18 19 20 21 23
12 13 15 16 17 18 19 20 21 23
12 13 14 16 17 18 19 20 21 23
12 13 14 15 17 18 19 20 21 23
5 12 13 14 15 16 18 22 23 24
2 12 13 14 15 16 17 19 22 24
3 4 12 13 14 15 16 18 24 25
2 5 12 13 14 15 16 21 22 24
2 5 12 13 14 15 16 20 22 24
2 3 11 17 18 20 21 23 24 25
3 4 6 12 13 14 15 16 17 22
2 3 4 5 17 18 19 20 21 22
2 3 4 6 7 8 9 10 19 22

27
2 3 4 5 6 7 8 9 10 11
1 3 8 9 10 11 24 25 26 27
1 2 8 9 10 11 24 25 26 27
1 7 8 9 10 11 21 22 23 27
1 6 8 9 10 11 20 22 23 26
1 5 7 8 9 10 11 25 26 27
1 4 6 8 9 10 11 24 26 27
1 2 3 4 5 6 7 9 10 11
1 2 3 4 5 6 7 8 10 11
1 2 3 4 5 6 7 8 9 11
1 2 3 4 5 6 7 8 9 10
13 14 15 16 17 18 19 20 22 23
12 14 15 16 17 18 19 21 22 24
12 13 15 16 17 18 19 20 21 23
12 13 14 16 17 18 19 20 21 23
12 13 14 15 17 18 19 20 21 25
12 13 14 15 16 18 19 20 21 25
12 13 14 15 16 17 20 21 22 25
12 13 14 15 16 17 20 21 22 24
5 12 14 15 16 17 18 19 21 23
4 13 14 15 16 17 18 19 20 23
4 5 12 13 18 19 24 25 26 27
4 5 12 14 15 20 21 24 26 27
2 3 7 13 19 22 23 25 26 27
2 3 6 16 17 18 22 24 26 27
2 3 5 6 7 22 23 24 25 27
2 3 4 6 7 22 23 24 25 26

16
2 3 4 5 6 7 8 9 10 11 12
1 3 4 5 6 8 9 10 12 13 15
1 2 4 5 6 8 9 11 12 13 14
1 2 3 5 6 7 10 11 13 15 16
1 2 3 4 6 7 10 11 14 15 16
1 2 3 4 5 8 9 10 13 14 16
1 4 5 8 9 10 11 12 13 14 15
1 2 3 6 7 9 12 13 14 15 16
1 2 3 6 7 8 12 13 14 15 16
1 2 4 5 6 7 11 13 14 15 16
1 3 4 5 7 10 12 13 14 15 16
1 2 3 7 8 9 11 13 14 15 16
2 3 4 6 7 8 9 10 11 12 16
3 5 6 7 8 9 10 11 12 15 16
2 4 5 7 8 9 10 11 12 14 16
4 5 6 8 9 10 11 12 13 14 15

20
2 3 4 5 6 7 8 9 10 11 12
1 3 4 5 6 7 8 9 10 11 13
1 2 4 6 7 8 9 10 12 13 15
1 2 3 5 6 7 8 10 12 13 14
1 2 4 6 7 8 10 11 12 13 14
1 2 3 4 5 7 8 9 11 13 14
1 2 3 4 5 6 9 11 12 14 15
1 2 3 4 5 6 9 10 13 14 15
1 2 3 6 7 8 16 17 18 19 20
1 2 3 4 5 8 16 17 18 19 20
1 2 5 6 7 15 16 17 18 19 20
1 3 4 5 7 15 16 17 18 19 20
2 3 4 5 6 8 16 17 18 19 20
4 5 6 7 8 15 16 17 18 19 20
3 7 8 11 12 14 16 17 18 19 20
9 10 11 12 13 14 15 17 18 19 20
9 10 11 12 13 14 15 16 18 19 20
9 10 11 12 13 14 15 16 17 19 20
9 10 11 12 13 14 15 16 17 18 20
9 10 11 12 13 14 15 16 17 18 19

22
2 3 4 5 6 7 8 9 10 11 12
1 3 4 5 6 7 8 9 10 12 13
1 2 4 5 6 7 8 9 10 12 14
1 2 3 5 6 7 8 9 10 13 14
1 2 3 4 6 7 8 9 10 14 15
1 2 3 4 5 7 8 11 12 13 16
1 2 3 4 5 6 9 11 12 15 16
1 2 3 4 5 6 9 10 14 15 16
1 2 3 4 5 7 8 11 13 16 17
1 2 3 4 5 8 11 13 15 17 18
1 6 7 9 10 17 18 19 20 21 22
1 2 3 6 7 14 18 19 20 21 22
2 4 6 9 10 17 18 19 20 21 22
3 4 5 8 12 15 16 19 20 21 22
5 7 8 10 14 17 18 19 20 21 22
6 7 8 9 14 17 18 19 20 21 22
9 10 11 13 15 16 18 19 20 21 22
10 11 12 13 15 16 17 19 20 21 22
11 12 13 14 15 16 17 18 20 21 22
11 12 13 14 15 16 17 18 19 21 22
11 12 13 14 15 16 17 18 19 20 22
11 12 13 14 15 16 17 18 19 20 21

26
2 3 4 5 6 7 8 9 10 11 12
1 3 17 19 20 21 22 23 24 25 26
1 2 14 15 16 18 22 23 24 25 26
1 8 9 10 11 12 20 23 24 25 26
1 8 9 10 11 12 21 22 23 24 26
1 8 9 10 11 12 17 20 23 24 26
1 8 9 10 11 12 16 18 19 21 22
1 4 5 6 7 9 10 11 12 25 26
1 4 5 6 7 8 10 11 12 25 26
1 4 5 6 7 8 9 11 12 25 26
1 4 5 6 7 8 9 10 12 25 26
1 4 5 6 7 8 9 10 11 25 26
14 15 16 17 18 19 20 21 22 23 24
3 13 15 16 17 18 19 20 21 22 24
3 13 14 16 17 18 19 20 21 23 24
3 7 13 14 15 17 18 19 21 22 24
2 6 13 14 15 16 18 19 20 22 24
3 7 13 14 15 16 17 19 20 21 22
2 7 13 14 15 16 17 18 20 22 23
2 4 6 13 14 15 17 18 19 21 25
2 5 7 13 14 15 16 18 20 22 23
2 3 5 7 13 14 16 17 18 19 21
2 3 4 5 6 13 15 19 21 25 26
2 3 4 5 6 13 14 15 16 17 25
2 3 4 8 9 10 11 12 20 23 24
2 3 4 5 6 8 9 10 11 12 23

28
2 3 4 5 6 7 8 9 10 11 12
1 3 4 5 19 21 22 23 24 27 28
1 2 4 5 21 22 23 24 25 27 28
1 2 3 11 12 18 20 23 24 26 27
1 2 3 11 12 15 16 17 20 22 26
1 7 8 9 10 11 12 25 26 27 28
1 6 8 9 10 11 12 25 26 27 28
1 6 7 9 10 11 12 25 26 27 28
1 6 7 8 10 11 12 25 26 27 28
1 6 7 8 9 11 12 25 26 27 28
1 4 5 6 7 8 9 10 19 24 28
1 4 5 6 7 8 9 10 24 27 28
14 15 16 17 18 19 20 21 22 23 26
13 15 16 17 18 19 20 21 22 23 24
5 13 14 16 17 18 19 20 21 22 23
5 13 14 15 17 18 19 21 22 23 24
5 13 14 15 16 18 19 21 22 23 24
4 13 14 15 16 17 19 20 21 23 24
2 11 13 14 15 16 17 18 20 22 26
4 5 13 14 15 18 19 21 22 23 24
2 3 13 14 15 16 17 18 20 24 25
2 3 5 13 14 15 16 17 19 20 25
2 3 4 13 14 15 16 17 18 20 25
2 3 4 11 12 14 16 17 18 20 21
3 6 7 8 9 10 21 22 23 27 28
4 5 6 7 8 9 10 13 19 27 28
2 3 4 6 7 8 9 10 12 25 26
2 3 6 7 8 9 10 11 12 25 26

36
2 3 4 5 6 7 8 9 10 11 12
1 7 8 19 23 24 25 26 27 33 36
1 4 9 13 15 16 17 18 28 29 31
1 3 9 10 14 21 22 28 29 31 32
1 9 11 12 23 24 25 26 27 33 35
1 7 8 10 11 12 19 30 33 35 36
1 2 6 8 10 11 12 20 30 35 36
1 2 6 7 10 11 12 20 30 35 36
1 3 4 5 10 11 12 21 22 31 32
1 4 6 7 8 9 11 12 32 34 36
1 5 6 7 8 9 10 12 34 35 36
1 5 6 7 8 9 10 11 34 35 36
3 14 15 16 17 18 21 28 29 31 32
4 13 15 16 17 18 21 22 28 29 31
3 13 14 16 17 18 21 22 29 31 32
3 13 14 15 17 18 21 22 28 29 32
3 13 14 15 16 18 21 22 28 31 32
3 13 14 15 16 17 21 22 28 31 32
2 6 20 23 24 25 26 27 34 35 36
7 8 19 23 24 25 26 27 30 33 36
4 9 13 14 15 16 17 18 22 29 31
4 9 14 15 16 17 18 21 28 29 32
2 5 19 20 24 25 26 27 30 33 34
2 5 19 20 23 25 26 27 30 33 34
2 5 19 20 23 24 26 27 30 33 34
2 5 19 20 23 24 25 27 30 33 34
2 5 19 20 23 24 25 26 30 33 34
3 4 13 14 16 17 18 22 29 31 32
3 4 13 14 15 16 21 22 28 31 32
6 7 8 20 23 24 25 26 27 35 36
3 4 9 13 14 15 17 18 21 28 29
4 9 10 13 15 16 17 18 22 28 29
2 5 6 20 23 24 25 26 27 34 35
10 11 12 19 23 24 25 26 27 33 35
5 6 7 8 11 12 19 30 33 34 36
2 6 7 8 10 11 12 19 20 30 35

20
2 3 4 5 6 7 8 17 18
1 3 8 9 10 13 14 19 20
1 2 8 9 10 13 14 19 20
1 5 8 11 12 15 16 19 20
1 4 8 11 12 15 16 19 20
1 7 8 13 14 15 16 17 18
1 6 8 13 14 15 16 17 18
1 2 3 4 5 6 7 17 18
2 3 10 11 12 15 16 17 18
2 3 9 11 12 15 16 17 18
4 5 9 10 12 13 14 17 18
4 5 9 10 11 13 14 17 18
2 3 6 7 11 12 14 19 20
2 3 6 7 11 12 13 19 20
4 5 6 7 9 10 16 19 20
4 5 6 7 9 10 15 19 20
1 6 7 8 9 10 11 12 18 19 20
1 6 7 8 9 10 11 12 17 19 20
2 3 4 5 13 14 15 16 17 18 20
2 3 4 5 13 14 15 16 17 18 19

32
2 3 4 5 6 17 18 19 20 21 22 23 24 25
1 12 14 15 16 18 19 21 23 25 26 29 31 32
1 8 11 13 16 18 20 22 24 25 27 28 31 32
1 7 10 14 15 20 21 22 24 25 27 29 30 32
1 9 10 11 12 17 23 24 25 28 29 30 31 32
1 9 13 15 16 17 19 21 22 23 27 28 30 31
4 9 11 12 16 19 20 21 23 24 25 26 27 28
3 9 10 12 15 17 18 20 21 22 25 26 30 31
5 6 7 8 14 18 19 22 24 25 26 28 29 31
4 5 8 13 16 17 18 20 21 23 26 28 29 32
3 5 7 14 15 17 19 20 22 23 26 28 30 32
2 5 7 8 13 17 19 20 21 24 27 29 30 31
3 6 10 12 14 18 19 21 24 26 27 28 30 32
2 4 9 11 13 18 20 22 23 26 27 29 30 31
2 4 6 8 11 17 18 19 25 27 28 29 30 32
2 3 6 7 10 17 22 23 24 26 27 29 31 32
1 5 6 8 10 11 12 15 16 19 20 22 26 27 29
1 2 3 8 9 10 13 14 15 19 20 23 24 28 29
1 2 6 7 9 11 12 13 15 17 18 20 24 26 32
1 3 4 7 8 10 11 12 14 17 18 19 23 27 31
1 2 4 6 7 8 10 12 13 22 23 25 26 28 30
1 3 4 6 8 9 11 14 16 17 21 24 26 29 30
1 2 5 6 7 10 11 14 16 18 20 21 28 30 31
1 3 4 5 7 9 12 13 16 18 19 22 29 30 32
1 2 3 4 5 7 8 9 15 21 26 27 28 31 32
2 7 8 9 10 11 13 14 16 17 19 21 22 25 32
3 4 6 7 12 13 14 15 16 17 20 25 28 29 31
3 5 6 7 9 10 11 13 15 18 21 23 25 27 29
2 4 5 9 10 12 14 15 16 17 18 22 24 27 28
4 5 6 8 11 12 13 14 15 21 22 23 24 31 32
2 3 5 6 8 9 12 14 16 20 23 25 27 30 32
2 3 4 5 10 11 13 15 16 19 24 25 26 30 31

34
2 3 4 5 6 7 8 9 10 11 12 13 14 15 16
1 6 8 10 14 15 16 19 20 21 26 27 28 32 34
1 5 8 11 12 13 15 19 21 24 25 27 30 31 34
1 7 8 10 12 14 16 20 21 22 23 24 25 30 33
1 3 6 9 11 14 16 19 23 25 26 27 29 30 33
1 2 5 7 9 13 16 20 23 24 25 26 31 32 34
1 4 6 8 10 11 13 22 23 24 26 27 28 29 31
1 2 3 4 7 12 15 22 25 26 27 29 32 33 34
1 5 6 10 12 13 15 18 19 20 22 23 29 33 34
1 2 4 7 9 12 14 18 19 23 27 28 30 31 34
1 3 5 7 13 15 16 17 20 21 22 26 28 29 30
1 3 4 8 9 10 13 17 19 20 26 30 31 32 33
1 3 6 7 9 11 12 18 20 21 24 27 28 32 33
1 2 4 5 10 15 16 17 19 24 25 28 29 31 33
1 2 3 8 9 11 14 17 21 22 23 25 28 31 32
1 2 4 5 6 11 14 18 21 22 24 29 30 32 34
11 12 14 15 20 23 24 26 28 29 30 31 32 33 34
9 10 13 16 21 22 25 27 28 29 30 31 32 33 34
2 3 5 9 10 12 14 20 21 22 24 26 27 29 31
2 4 6 9 11 12 13 17 19 21 25 26 28 29 34
2 3 4 11 13 15 16 18 19 20 23 27 29 31 32
4 7 8 9 11 15 16 18 19 24 25 26 28 30 32
4 5 6 7 9 10 15 17 21 24 26 27 30 33 34
3 4 6 7 13 14 16 17 19 22 23 28 32 33 34
3 4 5 6 8 14 15 18 20 22 27 28 30 31 33
2 5 6 7 8 11 12 17 19 20 22 23 27 30 32
2 3 5 7 8 10 13 18 19 21 23 25 26 28 33
2 7 10 11 13 14 15 17 18 20 22 24 25 27 34
5 7 8 9 11 14 16 17 18 19 20 21 31 33 34
3 4 5 10 11 12 16 17 18 22 23 25 26 31 34
3 6 7 10 12 14 15 17 18 19 21 25 29 30 32
2 6 8 12 13 15 16 17 18 21 22 24 26 31 33
4 5 8 9 12 13 14 17 18 23 24 25 27 29 32
2 3 6 8 9 10 16 17 18 20 23 24 28 29 30

20
2 3 4 5 6 7 8 9 10 11 12
1 3 4 5 6 7 9 13 14 16 18
1 2 4 5 6 8 10 13 14 17 19
1 2 3 7 8 9 10 13 14 15 20
1 2 3 6 7 8 11 13 15 16 17
1 2 3 5 9 10 12 14 18 19 20
1 2 4 5 8 9 11 13 16 19 20
1 3 4 5 7 10 11 13 17 18 20
1 2 4 6 7 10 12 14 15 17 18
1 3 4 6 8 9 12 14 15 16 19
1 5 7 8 14 15 16 17 18 19 20
1 6 9 10 13 15 16 17 18 19 20
2 3 4 5 7 8 12 14 16 17 20
2 3 4 6 9 10 11 13 15 18 19
4 5 9 10 11 12 14 16 17 18 19
2 5 7 10 11 12 13 15 17 19 20
3 5 8 9 11 12 13 15 16 18 20
2 6 8 9 11 12 14 15 17 19 20
3 6 7 10 11 12 14 15 16 18 20
4 6 7 8 11 12 13 16 17 18 19

24
2 3 4 5 6 13 14 15 16 17 18 19
1 3 7 9 10 14 15 17 20 21 22 24
1 2 8 11 12 16 18 19 20 21 22 23
1 5 6 7 8 14 15 18 19 22 23 24
1 4 6 9 11 14 16 17 18 20 23 24
1 4 5 10 12 15 16 17 19 21 23 24
2 4 8 9 10 13 14 15 16 20 21 23
3 4 7 11 12 13 17 18 19 20 21 24
2 5 7 10 11 13 14 17 19 21 22 23
2 6 7 9 12 13 15 17 18 20 22 23
3 5 8 9 12 13 15 16 18 21 22 24
3 6 8 10 11 13 14 16 19 20 22 24
1 7 8 9 10 11 12 14 15 16 17 18 19
1 2 4 5 7 9 12 13 16 19 20 22 24
1 2 4 6 7 10 11 13 16 18 21 22 24
1 3 5 6 7 11 12 13 14 15 20 21 23
1 2 5 6 8 9 10 13 18 19 20 21 24
1 3 4 5 8 10 11 13 15 17 20 22 23
1 3 4 6 8 9 12 13 14 17 21 22 23
2 3 5 7 8 10 12 14 16 17 18 23 24
2 3 6 7 8 9 11 15 16 17 19 23 24
2 3 4 9 10 11 12 14 15 18 19 23 24
3 4 5 6 7 9 10 16 18 19 20 21 22
2 4 5 6 8 11 12 14 15 17 20 21 22

32
2 3 4 5 6 7 8 9 10 11 12 13 14 15 16
1 3 4 5 6 7 8 18 19 20 21 22 23 24 25
1 2 4 9 10 11 12 18 19 20 21 27 28 29 30
1 2 3 13 14 15 16 22 23 24 25 27 28 29 30
1 2 6 9 10 13 14 18 19 22 23 27 28 31 32
1 2 5 11 12 15 16 20 21 24 25 27 28 31 32
1 2 8 9 10 15 16 20 21 22 23 29 30 31 32
1 2 7 11 12 13 14 18 19 24 25 29 30 31 32
1 3 5 7 11 13 15 18 20 22 24 26 27 29 31
1 3 5 7 12 14 16 19 21 23 25 26 27 29 31
1 3 6 8 9 14 16 19 21 22 24 26 28 30 31
1 3 6 8 10 13 15 18 20 23 25 26 28 30 31
1 4 5 8 9 12 16 19 20 23 24 26 28 29 32
1 4 5 8 10 11 15 18 21 22 25 26 28 29 32
1 4 6 7 9 12 14 18 21 23 24 26 27 30 32
1 4 6 7 10 11 13 19 20 22 25 26 27 30 32
18 19 20 21 22 23 24 25 26 27 28 29 30 31 32
2 3 5 8 9 12 14 15 17 21 23 24 28 29 31
2 3 5 8 10 11 13 16 17 20 22 25 28 29 31
2 3 6 7 9 12 13 16 17 19 23 24 27 30 31
2 3 6 7 10 11 14 15 17 18 22 25 27 30 31
2 4 5 7 9 11 14 16 17 19 21 24 27 29 32
2 4 5 7 10 12 13 15 17 18 20 25 27 29 32
2 4 6 8 9 11 13 15 17 18 20 22 28 30 32
2 4 6 8 10 12 14 16 17 19 21 23 28 30 32
9 10 11 12 13 14 15 16 17 27 28 29 30 31 32
3 4 5 6 9 10 15 16 17 20 21 22 23 26 28
3 4 5 6 11 12 13 14 17 18 19 24 25 26 27
3 4 7 8 9 10 13 14 17 18 19 22 23 26 30
3 4 7 8 11 12 15 16 17 20 21 24 25 26 29
5 6 7 8 9 10 11 12 17 18 19 20 21 26 32
5 6 7 8 13 14 15 16 17 22 23 24 25 26 31

14
2 3 4 5 6 7 8
1 3 4 5 6 7 9
1 2 4 5 6 7 10
1 2 3 5 6 7 11
1 2 3 4 6 7 12
1 2 3 4 5 7 13
1 2 3 4 5 6 14
1 9 10 11 12 13 14
2 8 10 11 12 13 14
3 8 9 11 12 13 14
4 8 9 10 12 13 14
5 8 9 10 11 13 14
6 8 9 10 11 12 14
7 8 9 10 11 12 13

16
2 3 4 5 6 7 8
1 4 5 6 7 8 15
1 4 5 6 7 8 16
1 2 3 5 6 7 8
1 2 3 4 6 7 8
1 2 3 4 5 7 8
1 2 3 4 5 6 8
1 2 3 4 5 6 7
10 11 12 13 14 15 16
9 11 12 13 14 15 16
9 10 12 13 14 15 16
9 10 11 13 14 15 16
9 10 11 12 14 15 16
9 10 11 12 13 15 16
2 9 10 11 12 13 14
3 9 10 11 12 13 14

