468
404 407 410 413 416 419 422 425 428 431 434 437 440 443 446 449 452 455 458 461 465
295 319 334 361
8 38 41 44 47 50 53 56 59 62 65
8 41 44 47 50 53 56 59 62 65
8 50 53 56 59 62 65
8 50 53 56 59 62 65
8 50 53 56 59 62 65
3 4 5 6 7 9 10 11 12 13 14 15 16 17 18 19 20 21 22 23 24 25 26 27 28 29 30 31 32 33 34 35 36 37 38 39 40 41 42 43 44 45 46 47 48 49 50 51 52 53 54 55 56 57 58 59 60 61 62 63 64 65 66
8
8
8 12 13 14 15 16 17 18 19 20 21 22 23 24 25 26 27 28 29 30 31 32 33 34 35 36 37 38 39 40 41 42 43 44 45 46 47 48 49 50 51 52 53 54 55 56 57 58 59 60 61 62 63 64 65 66
8 11
8 11
8 11 15 16 17 18 19 20 21 22 23 24 25 26 27 28 29 30 31 32 33 34 35 36 37 38 39 40 41 42 43 44 45 46 47 48 49 50 51 52 53 54 55 56 57 58 59 60 61 62 63 64 65 66
8 11 14
8 11 14
8 11 14 18 19 20 21 22 23 24 25 26 27 28 29 30 31 32 33 34 35 36 37 38 39 40 41 42 43 44 45 46 47 48 49 50 51 52 53 54 55 56 57 58 59 60 61 62 63 64 65 66
8 11 14 17
8 11 14 17
8 11 14 17 21 22 23 24 25 26 27 28 29 30 31 32 33 34 35 36 37 38 39 40 41 42 43 44 45 46 47 48 49 50 51 52 53 54 55 56 57 58 59 60 61 62 63 64 65 66
8 11 14 17 20
8 11 14 17 20
8 11 14 17 20 24 25 26 27 28 29 30 31 32 33 34 35 36 37 38 39 40 41 42 43 44 45 46 47 48 49 50 51 52 53 54 55 56 57 58 59 60 61 62 63 64 65 66
8 11 14 17 20 23
8 11 14 17 20 23
8 11 14 17 20 23 27 28 29 30 31 32 33 34 35 36 37 38 39 40 41 42 43 44 45 46 47 48 49 50 51 52 53 54 55 56 57 58 59 60 61 62 63 64 65 66
8 11 14 17 20 23 26
8 11 14 17 20 23 26
8 11 14 17 20 23 26 30 31 32 33 34 35 36 37 38 39 40 41 42 43 44 45 46 47 48 49 50 51 52 53 54 55 56 57 58 59 60 61 62 63 64 65 66
8 11 14 17 20 23 26 29
8 11 14 17 20 23 26 29
8 11 14 17 20 23 26 29 33 34 35 36 37 38 39 40 41 42 43 44 45 46 47 48 49 50 51 52 53 54 55 56 57 58 59 60 61 62 63 64 65 66
8 11 14 17 20 23 26 29 32
8 11 14 17 20 23 26 29 32
8 11 14 17 20 23 26 29 32 36 37 38 39 40 41 42 43 44 45 46 47 48 49 50 51 52 53 54 55 56 57 58 59 60 61 62 63 64 65 66
8 11 14 17 20 23 26 29 32 35
8 11 14 17 20 23 26 29 32 35
3 8 11 14 17 20 23 26 29 32 35 39 40 41 42 43 44 45 46 47 48 49 50 51 52 53 54 55 56 57 58 59 60 61 62 63 64 65 66
8 11 14 17 20 23 26 29 32 35 38
8 11 14 17 20 23 26 29 32 35 38
3 4 8 11 14 17 20 23 26 29 32 35 38 42 43 44 45 46 47 48 49 50 51 52 53 54 55 56 57 58 59 60 61 62 63 64 65 66
8 11 14 17 20 23 26 29 32 35 38 41
8 11 14 17 20 23 26 29 32 35 38 41
3 4 8 11 14 17 20 23 26 29 32 35 38 41 45 46 47 48 49 50 51 52 53 54 55 56 57 58 59 60 61 62 63 64 65 66
8 11 14 17 20 23 26 29 32 35 38 41 44
8 11 14 17 20 23 26 29 32 35 38 41 44
3 4 8 11 14 17 20 23 26 29 32 35 38 41 44 48 49 50 51 52 53 54 55 56 57 58 59 60 61 62 63 64 65 66
8 11 14 17 20 23 26 29 32 35 38 41 44 47
8 11 14 17 20 23 26 29 32 35 38 41 44 47
3 4 5 6 7 8 11 14 17 20 23 26 29 32 35 38 41 44 47 51 52 53 54 55 56 57 58 59 60 61 62 63 64 65 66
8 11 14 17 20 23 26 29 32 35 38 41 44 47 50
8 11 14 17 20 23 26 29 32 35 38 41 44 47 50
3 4 5 6 7 8 11 14 17 20 23 26 29 32 35 38 41 44 47 50 54 55 56 57 58 59 60 61 62 63 64 65 66
8 11 14 17 20 23 26 29 32 35 38 41 44 47 50 53
8 11 14 17 20 23 26 29 32 35 38 41 44 47 50 53
3 4 5 6 7 8 11 14 17 20 23 26 29 32 35 38 41 44 47 50 53 57 58 59 60 61 62 63 64 65 66
8 11 14 17 20 23 26 29 32 35 38 41 44 47 50 53 56
8 11 14 17 20 23 26 29 32 35 38 41 44 47 50 53 56
3 4 5 6 7 8 11 14 17 20 23 26 29 32 35 38 41 44 47 50 53 56 60 61 62 63 64 65 66
8 11 14 17 20 23 26 29 32 35 38 41 44 47 50 53 56 59
8 11 14 17 20 23 26 29 32 35 38 41 44 47 50 53 56 59
3 4 5 6 7 8 11 14 17 20 23 26 29 32 35 38 41 44 47 50 53 56 59 63 64 65 66
8 11 14 17 20 23 26 29 32 35 38 41 44 47 50 53 56 59 62
8 11 14 17 20 23 26 29 32 35 38 41 44 47 50 53 56 59 62
3 4 5 6 7 8 11 14 17 20 23 26 29 32 35 38 41 44 47 50 53 56 59 62 66
8 11 14 17 20 23 26 29 32 35 38 41 44 47 50 53 56 59 62 65
404 407 410 413 416 419 422 425 428 431 434 437 440 443 446 449 452 455 458 461
69 70 71 72 73 74 75 76 77 78 79 80 81 82 83 84 85 86 87 88 89 90 91 92 93 94 95 96 97 98 99 100 101 102
68
68
68 72 73 74 75 76 77 78 79 80 81 82 83 84 85 86 87 88 89 90 91 92 93 94 95 96 97 98 99 100 101 102
68 71
68 71
68 71 75 76 77 78 79 80 81 82 83 84 85 86 87 88 89 90 91 92 93 94 95 96 97 98 99 100 101 102
68 71 74
68 71 74
68 71 74 78 79 80 81 82 83 84 85 86 87 88 89 90 91 92 93 94 95 96 97 98 99 100 101 102
68 71 74 77
68 71 74 77
68 71 74 77 81 82 83 84 85 86 87 88 89 90 91 92 93 94 95 96 97 98 99 100 101 102
68 71 74 77 80
68 71 74 77 80
68 71 74 77 80 84 85 86 87 88 89 90 91 92 93 94 95 96 97 98 99 100 101 102
68 71 74 77 80 83
68 71 74 77 80 83
68 71 74 77 80 83 87 88 89 90 91 92 93 94 95 96 97 98 99 100 101 102
68 71 74 77 80 83 86
68 71 74 77 80 83 86
68 71 74 77 80 83 86 90 91 92 93 94 95 96 97 98 99 100 101 102
68 71 74 77 80 83 86 89
68 71 74 77 80 83 86 89
68 71 74 77 80 83 86 89 93 94 95 96 97 98 99 100 101 102
68 71 74 77 80 83 86 89 92
68 71 74 77 80 83 86 89 92
68 71 74 77 80 83 86 89 92 96 97 98 99 100 101 102
68 71 74 77 80 83 86 89 92 95
68 71 74 77 80 83 86 89 92 95
68 71 74 77 80 83 86 89 92 95 99 100 101 102
68 71 74 77 80 83 86 89 92 95 98
68 71 74 77 80 83 86 89 92 95 98
68 71 74 77 80 83 86 89 92 95 98 102
68 71 74 77 80 83 86 89 92 95 98 101
404 407 410 413 416 419 422 425 428 431 434 437 440 443 446 449 452 455 458 461
105 106 107 108 109 110 111 112 113 114 115 116 117 118 119 120 121 122 123 124 125 126 127 128 129 130 131 132 133 134 135 136 137 138 139 140 141 142 143 144 145 146 147 148 149 150 151 152 153
104
104
104 108 109 110 111 112 113 114 115 116 117 118 119 120 121 122 123 124 125 126 127 128 129 130 131 132 133 134 135 136 137 138 139 140 141 142 143 144 145 146 147 148 149 150 151 152 153
104 107
104 107
104 107 111 112 113 114 115 116 117 118 119 120 121 122 123 124 125 126 127 128 129 130 131 132 133 134 135 136 137 138 139 140 141 142 143 144 145 146 147 148 149 150 151 152 153
104 107 110
104 107 110
104 107 110 114 115 116 117 118 119 120 121 122 123 124 125 126 127 128 129 130 131 132 133 134 135 136 137 138 139 140 141 142 143 144 145 146 147 148 149 150 151 152 153
104 107 110 113
104 107 110 113
104 107 110 113 117 118 119 120 121 122 123 124 125 126 127 128 129 130 131 132 133 134 135 136 137 138 139 140 141 142 143 144 145 146 147 148 149 150 151 152 153
104 107 110 113 116
104 107 110 113 116
104 107 110 113 116 120 121 122 123 124 125 126 127 128 129 130 131 132 133 134 135 136 137 138 139 140 141 142 143 144 145 146 147 148 149 150 151 152 153
104 107 110 113 116 119
104 107 110 113 116 119
104 107 110 113 116 119 123 124 125 126 127 128 129 130 131 132 133 134 135 136 137 138 139 140 141 142 143 144 145 146 147 148 149 150 151 152 153
104 107 110 113 116 119 122
104 107 110 113 116 119 122
104 107 110 113 116 119 122 126 127 128 129 130 131 132 133 134 135 136 137 138 139 140 141 142 143 144 145 146 147 148 149 150 151 152 153
104 107 110 113 116 119 122 125
104 107 110 113 116 119 122 125
104 107 110 113 116 119 122 125 129 130 131 132 133 134 135 136 137 138 139 140 141 142 143 144 145 146 147 148 149 150 151 152 153
104 107 110 113 116 119 122 125 128
104 107 110 113 116 119 122 125 128
104 107 110 113 116 119 122 125 128 132 133 134 135 136 137 138 139 140 141 142 143 144 145 146 147 148 149 150 151 152 153
104 107 110 113 116 119 122 125 128 131
104 107 110 113 116 119 122 125 128 131
104 107 110 113 116 119 122 125 128 131 135 136 137 138 139 140 141 142 143 144 145 146 147 148 149 150 151 152 153
104 107 110 113 116 119 122 125 128 131 134
104 107 110 113 116 119 122 125 128 131 134
104 107 110 113 116 119 122 125 128 131 134 138 139 140 141 142 143 144 145 146 147 148 149 150 151 152 153
104 107 110 113 116 119 122 125 128 131 134 137
104 107 110 113 116 119 122 125 128 131 134 137
104 107 110 113 116 119 122 125 128 131 134 137 141 142 143 144 145 146 147 148 149 150 151 152 153
104 107 110 113 116 119 122 125 128 131 134 137 140
104 107 110 113 116 119 122 125 128 131 134 137 140
104 107 110 113 116 119 122 125 128 131 134 137 140 144 145 146 147 148 149 150 151 152 153
104 107 110 113 116 119 122 125 128 131 134 137 140 143
104 107 110 113 116 119 122 125 128 131 134 137 140 143
104 107 110 113 116 119 122 125 128 131 134 137 140 143 147 148 149 150 151 152 153
104 107 110 113 116 119 122 125 128 131 134 137 140 143 146
104 107 110 113 116 119 122 125 128 131 134 137 140 143 146
104 107 110 113 116 119 122 125 128 131 134 137 140 143 146 150 151 152 153
104 107 110 113 116 119 122 125 128 131 134 137 140 143 146 149
104 107 110 113 116 119 122 125 128 131 134 137 140 143 146 149
104 107 110 113 116 119 122 125 128 131 134 137 140 143 146 149 153
104 107 110 113 116 119 122 125 128 131 134 137 140 143 146 149 152
404 407 410 413 416 419 422 425 428 431 434 437 440 443 446 449 452 455 458 461
156 157 158 159 160 161 162 163 164 165 166 167 168 169 170 171 172 173 174 175 176 177 178 179 180 181 182 183 184 185 186 187 188 189 190 191 192 193 194 195 196 197 198 199 200 201 202 203 204 205 206 207 208 209 210
155
155
155 159 160 161 162 163 164 165 166 167 168 169 170 171 172 173 174 175 176 177 178 179 180 181 182 183 184 185 186 187 188 189 190 191 192 193 194 195 196 197 198 199 200 201 202 203 204 205 206 207 208 209 210
155 158
155 158
155 158 162 163 164 165 166 167 168 169 170 171 172 173 174 175 176 177 178 179 180 181 182 183 184 185 186 187 188 189 190 191 192 193 194 195 196 197 198 199 200 201 202 203 204 205 206 207 208 209 210
155 158 161
155 158 161
155 158 161 165 166 167 168 169 170 171 172 173 174 175 176 177 178 179 180 181 182 183 184 185 186 187 188 189 190 191 192 193 194 195 196 197 198 199 200 201 202 203 204 205 206 207 208 209 210
155 158 161 164
155 158 161 164
155 158 161 164 168 169 170 171 172 173 174 175 176 177 178 179 180 181 182 183 184 185 186 187 188 189 190 191 192 193 194 195 196 197 198 199 200 201 202 203 204 205 206 207 208 209 210
155 158 161 164 167
155 158 161 164 167
155 158 161 164 167 171 172 173 174 175 176 177 178 179 180 181 182 183 184 185 186 187 188 189 190 191 192 193 194 195 196 197 198 199 200 201 202 203 204 205 206 207 208 209 210
155 158 161 164 167 170
155 158 161 164 167 170
155 158 161 164 167 170 174 175 176 177 178 179 180 181 182 183 184 185 186 187 188 189 190 191 192 193 194 195 196 197 198 199 200 201 202 203 204 205 206 207 208 209 210
155 158 161 164 167 170 173
155 158 161 164 167 170 173
155 158 161 164 167 170 173 177 178 179 180 181 182 183 184 185 186 187 188 189 190 191 192 193 194 195 196 197 198 199 200 201 202 203 204 205 206 207 208 209 210
155 158 161 164 167 170 173 176
155 158 161 164 167 170 173 176
155 158 161 164 167 170 173 176 180 181 182 183 184 185 186 187 188 189 190 191 192 193 194 195 196 197 198 199 200 201 202 203 204 205 206 207 208 209 210
155 158 161 164 167 170 173 176 179
155 158 161 164 167 170 173 176 179
155 158 161 164 167 170 173 176 179 183 184 185 186 187 188 189 190 191 192 193 194 195 196 197 198 199 200 201 202 203 204 205 206 207 208 209 210
155 158 161 164 167 170 173 176 179 182
155 158 161 164 167 170 173 176 179 182
155 158 161 164 167 170 173 176 179 182 186 187 188 189 190 191 192 193 194 195 196 197 198 199 200 201 202 203 204 205 206 207 208 209 210
155 158 161 164 167 170 173 176 179 182 185
155 158 161 164 167 170 173 176 179 182 185
155 158 161 164 167 170 173 176 179 182 185 189 190 191 192 193 194 195 196 197 198 199 200 201 202 203 204 205 206 207 208 209 210
155 158 161 164 167 170 173 176 179 182 185 188
155 158 161 164 167 170 173 176 179 182 185 188
155 158 161 164 167 170 173 176 179 182 185 188 192 193 194 195 196 197 198 199 200 201 202 203 204 205 206 207 208 209 210
155 158 161 164 167 170 173 176 179 182 185 188 191
155 158 161 164 167 170 173 176 179 182 185 188 191
155 158 161 164 167 170 173 176 179 182 185 188 191 195 196 197 198 199 200 201 202 203 204 205 206 207 208 209 210
155 158 161 164 167 170 173 176 179 182 185 188 191 194
155 158 161 164 167 170 173 176 179 182 185 188 191 194
155 158 161 164 167 170 173 176 179 182 185 188 191 194 198 199 200 201 202 203 204 205 206 207 208 209 210
155 158 161 164 167 170 173 176 179 182 185 188 191 194 197
155 158 161 164 167 170 173 176 179 182 185 188 191 194 197
155 158 161 164 167 170 173 176 179 182 185 188 191 194 197 201 202 203 204 205 206 207 208 209 210
155 158 161 164 167 170 173 176 179 182 185 188 191 194 197 200
155 158 161 164 167 170 173 176 179 182 185 188 191 194 197 200
155 158 161 164 167 170 173 176 179 182 185 188 191 194 197 200 204 205 206 207 208 209 210
155 158 161 164 167 170 173 176 179 182 185 188 191 194 197 200 203
155 158 161 164 167 170 173 176 179 182 185 188 191 194 197 200 203
155 158 161 164 167 170 173 176 179 182 185 188 191 194 197 200 203 207 208 209 210
155 158 161 164 167 170 173 176 179 182 185 188 191 194 197 200 203 206
155 158 161 164 167 170 173 176 179 182 185 188 191 194 197 200 203 206
155 158 161 164 167 170 173 176 179 182 185 188 191 194 197 200 203 206 210
155 158 161 164 167 170 173 176 179 182 185 188 191 194 197 200 203 206 209
404 407 410 413 416 419 422 425 428 431 434 437 440 443 446 449 452 455 458 461
213 214 215 216 217 218 219 220 221 222 223 224 225 226 227 228 229 230 231 232 233 234 235 236 237 238 239 240 241 242 243 244 245 246 247 248 249 250 251 252 253 254 255 256 257 258 259 260 261 262 263 264 265 266 267
212
212
212 216 217 218 219 220 221 222 223 224 225 226 227 228 229 230 231 232 233 234 235 236 237 238 239 240 241 242 243 244 245 246 247 248 249 250 251 252 253 254 255 256 257 258 259 260 261 262 263 264 265 266 267
212 215
212 215
212 215 219 220 221 222 223 224 225 226 227 228 229 230 231 232 233 234 235 236 237 238 239 240 241 242 243 244 245 246 247 248 249 250 251 252 253 254 255 256 257 258 259 260 261 262 263 264 265 266 267
212 215 218
212 215 218
212 215 218 222 223 224 225 226 227 228 229 230 231 232 233 234 235 236 237 238 239 240 241 242 243 244 245 246 247 248 249 250 251 252 253 254 255 256 257 258 259 260 261 262 263 264 265 266 267
212 215 218 221
212 215 218 221
212 215 218 221 225 226 227 228 229 230 231 232 233 234 235 236 237 238 239 240 241 242 243 244 245 246 247 248 249 250 251 252 253 254 255 256 257 258 259 260 261 262 263 264 265 266 267
212 215 218 221 224
212 215 218 221 224
212 215 218 221 224 228 229 230 231 232 233 234 235 236 237 238 239 240 241 242 243 244 245 246 247 248 249 250 251 252 253 254 255 256 257 258 259 260 261 262 263 264 265 266 267
212 215 218 221 224 227
212 215 218 221 224 227
212 215 218 221 224 227 231 232 233 234 235 236 237 238 239 240 241 242 243 244 245 246 247 248 249 250 251 252 253 254 255 256 257 258 259 260 261 262 263 264 265 266 267
212 215 218 221 224 227 230
212 215 218 221 224 227 230
212 215 218 221 224 227 230 234 235 236 237 238 239 240 241 242 243 244 245 246 247 248 249 250 251 252 253 254 255 256 257 258 259 260 261 262 263 264 265 266 267
212 215 218 221 224 227 230 233
212 215 218 221 224 227 230 233
212 215 218 221 224 227 230 233 237 238 239 240 241 242 243 244 245 246 247 248 249 250 251 252 253 254 255 256 257 258 259 260 261 262 263 264 265 266 267
212 215 218 221 224 227 230 233 236
212 215 218 221 224 227 230 233 236
212 215 218 221 224 227 230 233 236 240 241 242 243 244 245 246 247 248 249 250 251 252 253 254 255 256 257 258 259 260 261 262 263 264 265 266 267
212 215 218 221 224 227 230 233 236 239
212 215 218 221 224 227 230 233 236 239
212 215 218 221 224 227 230 233 236 239 243 244 245 246 247 248 249 250 251 252 253 254 255 256 257 258 259 260 261 262 263 264 265 266 267
212 215 218 221 224 227 230 233 236 239 242
212 215 218 221 224 227 230 233 236 239 242
212 215 218 221 224 227 230 233 236 239 242 246 247 248 249 250 251 252 253 254 255 256 257 258 259 260 261 262 263 264 265 266 267
212 215 218 221 224 227 230 233 236 239 242 245
212 215 218 221 224 227 230 233 236 239 242 245
212 215 218 221 224 227 230 233 236 239 242 245 249 250 251 252 253 254 255 256 257 258 259 260 261 262 263 264 265 266 267
212 215 218 221 224 227 230 233 236 239 242 245 248
212 215 218 221 224 227 230 233 236 239 242 245 248
212 215 218 221 224 227 230 233 236 239 242 245 248 252 253 254 255 256 257 258 259 260 261 262 263 264 265 266 267
212 215 218 221 224 227 230 233 236 239 242 245 248 251
212 215 218 221 224 227 230 233 236 239 242 245 248 251
212 215 218 221 224 227 230 233 236 239 242 245 248 251 255 256 257 258 259 260 261 262 263 264 265 266 267
212 215 218 221 224 227 230 233 236 239 242 245 248 251 254
212 215 218 221 224 227 230 233 236 239 242 245 248 251 254
212 215 218 221 224 227 230 233 236 239 242 245 248 251 254 258 259 260 261 262 263 264 265 266 267
212 215 218 221 224 227 230 233 236 239 242 245 248 251 254 257
212 215 218 221 224 227 230 233 236 239 242 245 248 251 254 257
212 215 218 221 224 227 230 233 236 239 242 245 248 251 254 257 261 262 263 264 265 266 267
212 215 218 221 224 227 230 233 236 239 242 245 248 251 254 257 260
212 215 218 221 224 227 230 233 236 239 242 245 248 251 254 257 260
212 215 218 221 224 227 230 233 236 239 242 245 248 251 254 257 260 264 265 266 267
212 215 218 221 224 227 230 233 236 239 242 245 248 251 254 257 260 263
212 215 218 221 224 227 230 233 236 239 242 245 248 251 254 257 260 263
212 215 218 221 224 227 230 233 236 239 242 245 248 251 254 257 260 263 267
212 215 218 221 224 227 230 233 236 239 242 245 248 251 254 257 260 263 266
404 407 410 413 416 419 422 425 428 431 434 437 440 443 446 449 452 455 458 461
270 271 272 273 274 275
269
269
269
269 274 275 276 277 278 279 280 281 282 283 284 285 286 287 288 289 290 291 292
269 273
269 273
273 277 278 279 280 281 282 283 284 285 286 287 288 289 290 291 292
273 276
273 276
273 276 280 281 282 283 284 285 286 287 288 289 290 291 292
273 276 279
273 276 279
273 276 279 283 284 285 286 287 288 289 290 291 292
273 276 279 282
273 276 279 282
273 276 279 282 286 287 288 289 290 291 292
273 276 279 282 285
273 276 279 282 285
273 276 279 282 285 289 290 291 292
273 276 279 282 285 288
273 276 279 282 285 288
273 276 279 282 285 288 292 293
273 276 279 282 285 288 291
291
404 407 410 413 416 419 422 425 428 431 434 437 440 443 446 449 452 455 458 461
2 296 297 298 299 300 301 302 303 304 305 306 307 308
295
295
295 299 300 301 302 303 304 305 306 307 308
295 298
295 298
295 298 302 303 304 305 306 307 308
295 298 301
295 298 301
295 298 301 305 306 307 308
295 298 301 304
295 298 301 304
295 298 301 304 308
295 298 301 304 307
404 407 410 413 416 419 422 425 428 431 434 437 440 443 446 449 452 455 458 461
311 312 313 314 315 316 317
310
310
310 314 315 316 317
310 313
310 313
310 313 317
310 313 316
404 407 410 413 416 419 422 425 428 431 434 437 440 443 446 449 452 455 458 461
2 320 321 322 323 324 325 326 327 328 329 330 331 332
319
319
319 323 324 325 326 327 328 329 330 331 332
319 322
319 322
319 322 326 327 328 329 330 331 332
319 322 325
319 322 325
319 322 325 329 330 331 332
319 322 325 328
319 322 325 328
319 322 325 328 332
319 322 325 328 331
404 407 410 413 416 419 422 425 428 431 434 437 440 443 446 449 452 455 458 461
2 335 336 337 338 339 340 341 342 343 344 345 346 347
334
334
334 338 339 340 341 342 343 344 345 346 347
334 337
334 337
334 337 341 342 343 344 345 346 347
334 337 340
334 337 340
334 337 340 344 345 346 347
334 337 340 343
334 337 340 343
334 337 340 343 347
334 337 340 343 346
404 407 410 413 416 419 422 425 428 431 434 437 440 443 446 449 452 455 458 461
350 351 352 353 354 355 356 357 358 359
349
349
349 353 354 355 356 357 358 359
349 352
349 352
349 352 356 357 358 359
349 352 355
349 352 355
349 352 355 359
349 352 355 358
404 407 410 413 416 419 422 425 428 431 434 437 440 443 446 449 452 455 458 461
2 362 363 364 365 366 367 368 369 370 371 372 373 374
361
361
361 365 366 367 368 369 370 371 372 373 374
361 364
361 364
361 364 368 369 370 371 372 373 374
361 364 367
361 364 367
361 364 367 371 372 373 374
361 364 367 370
361 364 367 370
361 364 367 370 374
361 364 367 370 373
404 407 410 413 416 419 422 425 428 431 434 437 440 443 446 449 452 455 458 461
377 378 379 380 381 382 383 384 385 386
376
376
376 380 381 382 383 384 385 386
376 379
376 379
376 379 383 384 385 386
376 379 382
376 379 382
376 379 382 386
376 379 382 385
404 407 410 413 416 419 422 425 428 431 434 437 440 443 446 449 452 455 458 461
404 407 410 413 416 419 422 425 428 431 434 437 440 443 446 449 452 455 458 461
404 407 410 413 416 419 422 425 428 431 434 437 440 443 446 449 452 455 458 461
404 407 410 413 416 419 422 425 428 431 434 437 440 443 446 449 452 455 458 461
404 407 410 413 416 419 422 425 428 431 434 437 440 443 446 449 452 455 458 461
422 425 428 431 434 437 440 443 446 449 452 455 458 461
422 425 428 431 434 437 440 443 446 449 452 455 458 461
404 407 410 413 416 419 422 425 428 431 434 437 440 443 446 449 452 455 458 461
404 407 410 413 416 419 422 425 428 431 434 437 440 443 446 449 452 455 458 461
404 407 410 413 416 419 422 425 428 431 434 437 440 443 446 449 452 455 458 461
404 407 410 413 416 419 422 425 428 431 434 437 440 443 446 449 452 455 458 461
404 407 410 413 416 419 422 425 428 431 434 437 440 443 446 449 452 455 458 461
404 407 410 413 416 419 422 425 428 431 434 437 440 443 446 449 452 455 458 461
404 407 410 413 416 419 422 425 428 431 434 437 440 443 446 449 452 455 458 461
404 407 410 413 416 419 422 425 428 431 434 437 440 443 446 449 452 455 458 461
404 407 410 413 416 419 422 425 428 431 434 437 440 443 446 449 452 455 458 461
404 407 410 413 416 419 422 425 428 431 434 437 440 443 446 449 452 455 458 461
1 67 103 154 211 268 294 309 318 333 348 360 375 387 388 389 390 391 394 395 396 397 398 399 400 401 402 403 405 406 407 408 409 410 411 412 413 414 415 416 417 418 419 420 421 422 423 424 425 426 427 428 429 430 431 432 433 434 435 436 437 438 439 440 441 442 443 444 445 446 447 448 449 450 451 452 453 454 455 456 457 458 459 460 461 462 463 464
404
404
1 67 103 154 211 268 294 309 318 333 348 360 375 387 388 389 390 391 394 395 396 397 398 399 400 401 402 403 404 408 409 410 411 412 413 414 415 416 417 418 419 420 421 422 423 424 425 426 427 428 429 430 431 432 433 434 435 436 437 438 439 440 441 442 443 444 445 446 447 448 449 450 451 452 453 454 455 456 457 458 459 460 461 462 463 464
404 407
404 407
1 67 103 154 211 268 294 309 318 333 348 360 375 387 388 389 390 391 394 395 396 397 398 399 400 401 402 403 404 407 411 412 413 414 415 416 417 418 419 420 421 422 423 424 425 426 427 428 429 430 431 432 433 434 435 436 437 438 439 440 441 442 443 444 445 446 447 448 449 450 451 452 453 454 455 456 457 458 459 460 461 462 463 464
404 407 410
404 407 410
1 67 103 154 211 268 294 309 318 333 348 360 375 387 388 389 390 391 394 395 396 397 398 399 400 401 402 403 404 407 410 414 415 416 417 418 419 420 421 422 423 424 425 426 427 428 429 430 431 432 433 434 435 436 437 438 439 440 441 442 443 444 445 446 447 448 449 450 451 452 453 454 455 456 457 458 459 460 461 462 463 464
404 407 410 413
404 407 410 413
1 67 103 154 211 268 294 309 318 333 348 360 375 387 388 389 390 391 394 395 396 397 398 399 400 401 402 403 404 407 410 413 417 418 419 420 421 422 423 424 425 426 427 428 429 430 431 432 433 434 435 436 437 438 439 440 441 442 443 444 445 446 447 448 449 450 451 452 453 454 455 456 457 458 459 460 461 462 463 464
404 407 410 413 416
404 407 410 413 416
1 67 103 154 211 268 294 309 318 333 348 360 375 387 388 389 390 391 394 395 396 397 398 399 400 401 402 403 404 407 410 413 416 420 421 422 423 424 425 426 427 428 429 430 431 432 433 434 435 436 437 438 439 440 441 442 443 444 445 446 447 448 449 450 451 452 453 454 455 456 457 458 459 460 461 462 463 464
404 407 410 413 416 419
404 407 410 413 416 419
1 67 103 154 211 268 294 309 318 333 348 360 375 387 388 389 390 391 392 393 394 395 396 397 398 399 400 401 402 403 404 407 410 413 416 419 423 424 425 426 427 428 429 430 431 432 433 434 435 436 437 438 439 440 441 442 443 444 445 446 447 448 449 450 451 452 453 454 455 456 457 458 459 460 461 462 463 464
404 407 410 413 416 419 422
404 407 410 413 416 419 422
1 67 103 154 211 268 294 309 318 333 348 360 375 387 388 389 390 391 392 393 394 395 396 397 398 399 400 401 402 403 404 407 410 413 416 419 422 426 427 428 429 430 431 432 433 434 435 436 437 438 439 440 441 442 443 444 445 446 447 448 449 450 451 452 453 454 455 456 457 458 459 460 461 462 463 464
404 407 410 413 416 419 422 425
404 407 410 413 416 419 422 425
1 67 103 154 211 268 294 309 318 333 348 360 375 387 388 389 390 391 392 393 394 395 396 397 398 399 400 401 402 403 404 407 410 413 416 419 422 425 429 430 431 432 433 434 435 436 437 438 439 440 441 442 443 444 445 446 447 448 449 450 451 452 453 454 455 456 457 458 459 460 461 462 463 464
404 407 410 413 416 419 422 425 428
404 407 410 413 416 419 422 425 428
1 67 103 154 211 268 294 309 318 333 348 360 375 387 388 389 390 391 392 393 394 395 396 397 398 399 400 401 402 403 404 407 410 413 416 419 422 425 428 432 433 434 435 436 437 438 439 440 441 442 443 444 445 446 447 448 449 450 451 452 453 454 455 456 457 458 459 460 461 462 463 464
404 407 410 413 416 419 422 425 428 431
404 407 410 413 416 419 422 425 428 431
1 67 103 154 211 268 294 309 318 333 348 360 375 387 388 389 390 391 392 393 394 395 396 397 398 399 400 401 402 403 404 407 410 413 416 419 422 425 428 431 435 436 437 438 439 440 441 442 443 444 445 446 447 448 449 450 451 452 453 454 455 456 457 458 459 460 461 462 463 464
404 407 410 413 416 419 422 425 428 431 434
404 407 410 413 416 419 422 425 428 431 434
1 67 103 154 211 268 294 309 318 333 348 360 375 387 388 389 390 391 392 393 394 395 396 397 398 399 400 401 402 403 404 407 410 413 416 419 422 425 428 431 434 438 439 440 441 442 443 444 445 446 447 448 449 450 451 452 453 454 455 456 457 458 459 460 461 462 463 464
404 407 410 413 416 419 422 425 428 431 434 437
404 407 410 413 416 419 422 425 428 431 434 437
1 67 103 154 211 268 294 309 318 333 348 360 375 387 388 389 390 391 392 393 394 395 396 397 398 399 400 401 402 403 404 407 410 413 416 419 422 425 428 431 434 437 441 442 443 444 445 446 447 448 449 450 451 452 453 454 455 456 457 458 459 460 461 462 463 464
404 407 410 413 416 419 422 425 428 431 434 437 440
404 407 410 413 416 419 422 425 428 431 434 437 440
1 67 103 154 211 268 294 309 318 333 348 360 375 387 388 389 390 391 392 393 394 395 396 397 398 399 400 401 402 403 404 407 410 413 416 419 422 425 428 431 434 437 440 444 445 446 447 448 449 450 451 452 453 454 455 456 457 458 459 460 461 462 463 464
404 407 410 413 416 419 422 425 428 431 434 437 440 443
404 407 410 413 416 419 422 425 428 431 434 437 440 443
1 67 103 154 211 268 294 309 318 333 348 360 375 387 388 389 390 391 392 393 394 395 396 397 398 399 400 401 402 403 404 407 410 413 416 419 422 425 428 431 434 437 440 443 447 448 449 450 451 452 453 454 455 456 457 458 459 460 461 462 463 464
404 407 410 413 416 419 422 425 428 431 434 437 440 443 446
404 407 410 413 416 419 422 425 428 431 434 437 440 443 446
1 67 103 154 211 268 294 309 318 333 348 360 375 387 388 389 390 391 392 393 394 395 396 397 398 399 400 401 402 403 404 407 410 413 416 419 422 425 428 431 434 437 440 443 446 450 451 452 453 454 455 456 457 458 459 460 461 462 463 464
404 407 410 413 416 419 422 425 428 431 434 437 440 443 446 449
404 407 410 413 416 419 422 425 428 431 434 437 440 443 446 449
1 67 103 154 211 268 294 309 318 333 348 360 375 387 388 389 390 391 392 393 394 395 396 397 398 399 400 401 402 403 404 407 410 413 416 419 422 425 428 431 434 437 440 443 446 449 453 454 455 456 457 458 459 460 461 462 463 464
404 407 410 413 416 419 422 425 428 431 434 437 440 443 446 449 452
404 407 410 413 416 419 422 425 428 431 434 437 440 443 446 449 452
1 67 103 154 211 268 294 309 318 333 348 360 375 387 388 389 390 391 392 393 394 395 396 397 398 399 400 401 402 403 404 407 410 413 416 419 422 425 428 431 434 437 440 443 446 449 452 456 457 458 459 460 461 462 463 464
404 407 410 413 416 419 422 425 428 431 434 437 440 443 446 449 452 455
404 407 410 413 416 419 422 425 428 431 434 437 440 443 446 449 452 455
1 67 103 154 211 268 294 309 318 333 348 360 375 387 388 389 390 391 392 393 394 395 396 397 398 399 400 401 402 403 404 407 410 413 416 419 422 425 428 431 434 437 440 443 446 449 452 455 459 460 461 462 463 464
404 407 410 413 416 419 422 425 428 431 434 437 440 443 446 449 452 455 458
404 407 410 413 416 419 422 425 428 431 434 437 440 443 446 449 452 455 458
1 67 103 154 211 268 294 309 318 333 348 360 375 387 388 389 390 391 392 393 394 395 396 397 398 399 400 401 402 403 404 407 410 413 416 419 422 425 428 431 434 437 440 443 446 449 452 455 458 462 463 464
404 407 410 413 416 419 422 425 428 431 434 437 440 443 446 449 452 455 458 461
404 407 410 413 416 419 422 425 428 431 434 437 440 443 446 449 452 455 458 461
404 407 410 413 416 419 422 425 428 431 434 437 440 443 446 449 452 455 458 461
1 466 467 468
465
465
465
