4
3 4
3 4
1 2 4
1 2 3

6
2 5
1 5
4 6
3 6
1 2 6
3 4 5

9
8 9
8 9
8 9
8 9
8 9
8 9
8 9
1 2 3 4 5 6 7 9
1 2 3 4 5 6 7 8

8
8
6
7 8
5 6
4 7
2 4
3 5 8
1 3 7

9
2 6
1 6
4 7
3 7
8 9
1 2 8
3 4 9
5 6 9
5 7 8

5
4
5
4 5
1 3 5
2 3 4

10
9 10
9 10
9 10
9 10
9 10
9 10
9 10
9 10
1 2 3 4 5 6 7 8 10
1 2 3 4 5 6 7 8 9

10
5
6
4 10
3 10
1 10
2 10
8 9
7 9
7 8 10
3 4 5 6 9

10
10
8
9 10
5 8
4 6
5 7
6 9
2 4
3 7 10
1 3 9

5
4 5
4 5
4 5
1 2 3 5
1 2 3 4

10
10
10
9
9 10
8 9
7 8
6 8
5 6 7
3 4 5
1 2 4

5
2
1 5
4 5
3 5
2 3 4

9
7
6
8 9
5 8
4 7
2 9
1 5
3 4 9
3 6 8

10
10
10
10
10
10
10
10
9 10
8 10
1 2 3 4 5 6 7 8 9

10
10
10
8
9 10
6 9
5 7
6 8
3 7
4 5 10
1 2 4 9

6
5 6
5 6
5 6
5 6
1 2 3 4 6
1 2 3 4 5

7
4
5
6 7
1 6
2 7
3 4 7
3 5 6

6
4
5
6
1 5 6
2 4 6
3 4 5

8
2
1 8
4 8
3 8
6 7
5 7
5 6 8
2 3 4 7

7
6 7
6 7
6 7
6 7
6 7
1 2 3 4 5 7
1 2 3 4 5 6

6
5
5 6
4 6
3 6
1 2
2 3 4

4
4
3 4
2 4
1 2 3

8
7 8
7 8
7 8
7 8
7 8
7 8
1 2 3 4 5 6 8
1 2 3 4 5 6 7

7
7
6
6 7
5 7
4 7
2 3
1 3 4 5

6
2 6
1 6
4 5
3 5 6
3 4 6
1 2 4 5

7
7
7
7
5 6
4 6
4 5 7
1 2 3 6

7
7
7
6 7
5 6
4 6
3 4 5
1 2 3

7
7
7
7
7
6 7
5 7
1 2 3 4 5 6

7
5
5 7
6 7
6 7
1 2
3 4 7
2 3 4 6

5
2 5
1 5
4 5
3 5
1 2 3 4

5
5
3 4
2 4 5
2 3 5
1 3 4

6
5
6
5 6
5 6
1 3 4 6
2 3 4 5

7
7
5
4 6
3 6
2 7
3 4 7
1 5 6

7
5
6 7
4 7
3 7
1 6
2 5
2 3 4

7
4
6
7
1 5
4 6 7
2 5 7
3 5 6

7
2 6
1 6
4 7
3 7
6 7
1 2 5
3 4 5

7
2 6
1 6
4 7
3 7
6 7
1 2 5 7
3 4 5 6

6
6
3
2 6
5 6
4 6
1 3 4 5

7
7
7
6
6 7
6 7
3 4 5 7
1 2 4 5 6

6
6
4 6
5 6
2 5 6
3 4 6
1 2 3 4 5

6
5
5
4 6
3 6
1 2 6
3 4 5

6
2
1 6
5 6
5 6
3 4 6
2 3 4 5

7
5
5 6
4 7
3 7
1 2 6
2 5 7
3 4 6

7
7
7
5 7
6 7
3 6 7
4 5 7
1 2 3 4 5 6

7
3 4
5 6
1 4 7
1 3 7
2 6 7
2 5 7
3 4 5 6

6
5
6
4 5 6
3 5 6
1 3 4
2 3 4

5
5
5
4 5
3 5
1 2 3 4

5
5
4 5
4 5
2 3 5
1 2 3 4

5
3 5
4 5
1 4 5
2 3 5
1 2 3 4

6
6
6
5 6
5 6
3 4 6
1 2 3 4 5

7
2
1 7
5 7
6 7
3 6 7
4 5 7
2 3 4 5 6

9
4 7
6 9
5 8
1 7 9
3 7 8
2 8 9
1 4 5 8 9
3 5 6 7 9
2 4 6 7 8

3
2 3
1 3
1 2

15
8
9
10
15
14
14
13
1 9
2 8 10
3 9 11
10 12 13
11 13 15
7 11 12
5 6 15
4 12 14

13
6
7
8
13
13
1 7
2 6 8
3 7 9
8 10 11
9 11 12
9 10 12
10 11 13
4 5 12

6
3 5
4 6
1 5 6
2 5 6
1 3 4 6
2 3 4 5

7
3 6
4 7
1 5 6
2 5 7
3 4 6 7
1 3 5 7
2 4 5 6

6
5 6
5 6
4 6
3 6
1 2 6
1 2 3 4 5

8
5
6
7 8
7 8
1 7
2 8
3 4 5 8
3 4 6 7

18
10
9
4 18
3 18
6 17
5 17
13 15
14 16
2 16
1 15
13 15 17 18
14 16 17 18
7 11 15 17
8 12 16 18
7 10 11 13
8 9 12 14
5 6 11 12 13 18
3 4 11 12 14 17

6
6
3 6
2 6
5 6
4 6
1 2 3 4 5

6
4 6
5 6
5 6
1 5 6
2 3 4 6
1 2 3 4 5

6
4 6
5 6
4 5 6
1 3 6
2 3 6
1 2 3 4 5

7
7
7
4 7
3 7
6 7
5 7
1 2 3 4 5 6

7
7
6 7
6 7
5 7
4 7
2 3 7
1 2 3 4 5 6

7
7
5 7
6 7
6 7
2 6 7
3 4 5 7
1 2 3 4 5 6

7
6 7
6 7
6 7
5 7
4 7
1 2 3 7
1 2 3 4 5 6

7
5 7
6 7
6 7
6 7
1 6 7
2 3 4 5 7
1 2 3 4 5 6

7
7
5 7
6 7
5 6 7
2 4 7
3 4 7
1 2 3 4 5 6

7
5 7
6 7
6 7
5 7
1 4 7
2 3 7
1 2 3 4 5 6

7
6 7
6 7
4 7
3 5 7
4 6 7
1 2 5 7
1 2 3 4 5 6

7
5 7
6 7
6 7
5 7
1 4 6 7
2 3 5 7
1 2 3 4 5 6

7
2 7
1 7
4 7
3 7
6 7
5 7
1 2 3 4 5 6

7
2 7
1 7
5 7
6 7
3 6 7
4 5 7
1 2 3 4 5 6

7
6 7
4 7
5 7
2 6 7
3 6 7
1 4 5 7
1 2 3 4 5 6

7
5 7
6 7
4 5 7
3 6 7
1 3 7
2 4 7
1 2 3 4 5 6

8
5 7
6 8
5 7 8
6 7 8
1 3 7
2 4 8
1 3 4 5 8
2 3 4 6 7

9
2 9
1 9
4 7
3 7
6 8
5 8
3 4 9
5 6 9
1 2 7 8

9
7
7
8
9
9
8
1 2 8 9
3 6 7 9
4 5 7 8

8
6
4
5
2 7
3 8
1 7 8
4 6 8
5 6 7

9
5
6
4 9
3 9
1 7
2 8
5 8 9
6 7 9
3 4 7 8

8
2
1 6
6 7
5 8
4 8
2 3 7
3 6 8
4 5 7

8
5
6 7
4 8
3 8
1 7
2 7 8
2 5 6 8
3 4 6 7

8
7
8
4 7
3 7
6 8
5 8
1 3 4 8
2 5 6 7

18
16
15
4 17
3 17
6 18
5 18
12 16
11 15
13 17
14 18
8 13 15 17
7 14 16 18
9 11 14 17
10 12 13 18
2 8 11 17
1 7 12 18
3 4 9 11 13 15
5 6 10 12 14 16

10
2 7
1 7
4 8
3 8
6 9
5 9
1 2 10
3 4 10
5 6 10
7 8 9

10
8
9
9
8
6 7
5 7 10
5 6 10
1 4 9 10
2 3 8 10
6 7 8 9

11
10
11
11
10
10 11
10 11
10 11
10 11
10 11
1 4 5 6 7 8 9 11
2 3 5 6 7 8 9 10

12
11 12
11 12
11 12
11 12
11 12
11 12
11 12
11 12
11 12
11 12
1 2 3 4 5 6 7 8 9 10 12
1 2 3 4 5 6 7 8 9 10 11

8
2 7
1 7
4 8
3 8
6 7 8
5 7 8
1 2 5 6
3 4 5 6

8
7
8
8
7
7 8
7 8
1 4 5 6 8
2 3 5 6 7

9
7 8
7 9
8 9
8 9
7 9
7 8
1 2 5 6 8 9
1 3 4 6 7 9
2 3 4 5 7 8

7
7
4
5
2 6 7
3 6 7
4 5 7
1 4 5 6

8
8
6
7
5 6 8
4 7 8
2 4 8
3 5 8
1 4 5 6 7

7
6
4 7
5 7
2 6 7
3 6 7
1 4 5 7
2 3 4 5 6

8
4 8
5 8
6 8
1 7 8
2 7 8
3 7 8
4 5 6 8
1 2 3 4 5 6 7

8
6 7
6 8
7 8
7 8
7 8
1 2 7 8
1 3 4 5 6 8
2 3 4 5 6 7

8
6
6 7
6 8
7 8
7 8
1 2 3 7 8
2 4 5 6 8
3 4 5 6 7

8
6 8
7 8
7 8
6 8
6 7
1 4 5 7 8
2 3 5 6 8
1 2 3 4 6 7

6
4 5
4 6
5 6
1 2 5 6
1 3 4 6
2 3 4 5

