8
8
8
4 5 6 7 8
3 5 6 7 8
3 4 6 7 8
3 4 5 7 8
3 4 5 6 8
1 2 3 4 5 6 7

7
7
3 4 5 6 7
2 4 5 6 7
2 3 5 6 7
2 3 4 6 7
2 3 4 5 7
1 2 3 4 5 6

7
3 4 5 6 7
3 4 5 6 7
1 2 4 5 6 7
1 2 3 5 6 7
1 2 3 4 6 7
1 2 3 4 5 7
1 2 3 4 5 6

8
4 5 6 7 8
4 5 6 7 8
4 5 6 7 8
1 2 3 5 6 7 8
1 2 3 4 6 7 8
1 2 3 4 5 7 8
1 2 3 4 5 6 8
1 2 3 4 5 6 7

6
2 3 4 5 6
1 3 4 5 6
1 2 4 5 6
1 2 3 5 6
1 2 3 4 6
1 2 3 4 5

9
5 6 7 8 9
5 6 7 8 9
5 6 7 8 9
5 6 7 8 9
1 2 3 4 6 7 8 9
1 2 3 4 5 7 8 9
1 2 3 4 5 6 8 9
1 2 3 4 5 6 7 9
1 2 3 4 5 6 7 8

10
6 7 8 9 10
6 7 8 9 10
6 7 8 9 10
6 7 8 9 10
6 7 8 9 10
1 2 3 4 5 7 8 9 10
1 2 3 4 5 6 8 9 10
1 2 3 4 5 6 7 9 10
1 2 3 4 5 6 7 8 10
1 2 3 4 5 6 7 8 9

10
10
10
10
10
6 7 8 9 10
5 7 8 9 10
5 6 8 9 10
5 6 7 9 10
5 6 7 8 10
1 2 3 4 5 6 7 8 9

9
9
9
9
5 6 7 8 9
4 6 7 8 9
4 5 7 8 9
4 5 6 8 9
4 5 6 7 9
1 2 3 4 5 6 7 8

7
6 7
3 4 5 6 7
2 4 5 6 7
2 3 5 6 7
2 3 4 6 7
1 2 3 4 5 7
1 2 3 4 5 6

7
5 6 7
3 4 5 6 7
2 4 5 6 7
2 3 5 6 7
1 2 3 4 6 7
1 2 3 4 5 7
1 2 3 4 5 6

7
4 5 6 7
3 4 5 6 7
2 4 5 6 7
1 2 3 5 6 7
1 2 3 4 6 7
1 2 3 4 5 7
1 2 3 4 5 6

10
2 7 8 9 10
1 7 8 9 10
4 7 8 9 10
3 7 8 9 10
6 7 8 9 10
5 7 8 9 10
1 2 3 4 5 6 8 9 10
1 2 3 4 5 6 7 9 10
1 2 3 4 5 6 7 8 10
1 2 3 4 5 6 7 8 9

10
5 6 7
5 6 7
8 9 10
8 9 10
1 2 6 7 8 9 10
1 2 5 7 8 9 10
1 2 5 6 8 9 10
3 4 5 6 7 9 10
3 4 5 6 7 8 10
3 4 5 6 7 8 9

10
5 6 7
5 8 9
6 8 10
7 9 10
1 2 6 7 8 9 10
1 3 5 7 8 9 10
1 4 5 6 8 9 10
2 3 5 6 7 9 10
2 4 5 6 7 8 10
3 4 5 6 7 8 9

10
10
6 7 10
8 9 10
6 7 8 9
6 7 8 9 10
2 4 5 7 8 9 10
2 4 5 6 8 9 10
3 4 5 6 7 9 10
3 4 5 6 7 8 10
1 2 3 5 6 7 8 9

11
11
11
7 8
9 10
7 8 9 10 11
7 8 9 10 11
3 5 6 8 9 10 11
3 5 6 7 9 10 11
4 5 6 7 8 10 11
4 5 6 7 8 9 11
1 2 5 6 7 8 9 10

12
11
12
10 11
10 12
8 9 10
8 9 11 12
8 9 10 11 12
5 6 7 9 10 11 12
5 6 7 8 10 11 12
3 4 5 7 8 9 11 12
1 3 6 7 8 9 10 12
2 4 6 7 8 9 10 11

12
11
12
7 8 11 12
9 10 11 12
7 8 9 10 11
7 8 9 10 12
3 5 6 8 9 10 11 12
3 5 6 7 9 10 11 12
4 5 6 7 8 10 11 12
4 5 6 7 8 9 11 12
1 3 4 5 7 8 9 10 12
2 3 4 6 7 8 9 10 11

12
11 12
11 12
11 12
7 8
9 10
7 8 9 10
4 6 8 9 10 11 12
4 6 7 9 10 11 12
5 6 7 8 10 11 12
5 6 7 8 9 11 12
1 2 3 7 8 9 10 12
1 2 3 7 8 9 10 11

