4
2 3 4
1 3 4
1 2 4
1 2 3

6
4 5 6
4 5 6
4 5 6
1 2 3 5 6
1 2 3 4 6
1 2 3 4 5

8
2 3 7
1 3 7
1 2 7
5 6 8
4 6 8
4 5 8
1 2 3 8
4 5 6 7

7
7
7
7
5 6 7
4 6 7
4 5 7
1 2 3 4 5 6

8
5
6
7
8
1 6 7 8
2 5 7 8
3 5 6 8
4 5 6 7

9
7 8 9
7 8 9
7 8 9
7 8 9
7 8 9
7 8 9
1 2 3 4 5 6 8 9
1 2 3 4 5 6 7 9
1 2 3 4 5 6 7 8

9
9
9
9
9
9
7 8 9
6 8 9
6 7 9
1 2 3 4 5 6 7 8

7
5
6
7
5 6 7
1 4 6 7
2 4 5 7
3 4 5 6

5
5
3 4 5
2 4 5
2 3 5
1 2 3 4

5
3 4 5
3 4 5
1 2 4 5
1 2 3 5
1 2 3 4

7
5 6 7
5 6 7
5 6 7
5 6 7
1 2 3 4 6 7
1 2 3 4 5 7
1 2 3 4 5 6

10
10
10
10
10
10
10
8 9 10
7 9 10
7 8 10
1 2 3 4 5 6 7 8 9

10
8 9 10
8 9 10
8 9 10
8 9 10
8 9 10
8 9 10
8 9 10
1 2 3 4 5 6 7 9 10
1 2 3 4 5 6 7 8 10
1 2 3 4 5 6 7 8 9

7
6
7
4 5
3 5 6 7
3 4 6 7
1 4 5 7
2 4 5 6

6
6
6
4 5 6
3 5 6
3 4 6
1 2 3 4 5

10
2 8
1 8
4 9
3 9
6 7 10
5 7 10
5 6 10
1 2 10
3 4 10
5 6 7 8 9

8
6 7 8
6 7 8
6 7 8
6 7 8
6 7 8
1 2 3 4 5 7 8
1 2 3 4 5 6 8
1 2 3 4 5 6 7

7
2 6
1 6
4 5 7
3 5 7
3 4 7
1 2 7
3 4 5 6

6
2
1 6
4 5 6
3 5 6
3 4 6
2 3 4 5

6
2 6
1 6
4 5 6
3 5 6
3 4 6
1 2 3 4 5

6
2 5 6
1 5 6
4 5 6
3 5 6
1 2 3 4 6
1 2 3 4 5

6
3 5 6
4 5 6
1 4 5 6
2 3 5 6
1 2 3 4 6
1 2 3 4 5

6
6
3 4 5
2 4 5 6
2 3 5 6
2 3 4 6
1 3 4 5

7
7
5 7
6 7
5 6 7
2 4 6 7
3 4 5 7
1 2 3 4 5 6

5
4 5
3 4 5
2 4 5
1 2 3 5
1 2 3 4

7
2 7
1 7
5 6 7
5 6 7
3 4 6 7
3 4 5 7
1 2 3 4 5 6

7
3
3 7
1 2
5 6 7
4 6 7
4 5 7
2 4 5 6

7
2 3
1 3 7
1 2 7
5 6 7
4 6 7
4 5 7
2 3 4 5 6

7
2 3 7
1 3 7
1 2 7
5 6 7
4 6 7
4 5 7
1 2 3 4 5 6

7
2 5 7
1 5 7
4 6 7
3 6 7
1 2 6 7
3 4 5 7
1 2 3 4 5 6

7
2
1 7
4 5 6
3 5 6 7
3 4 6 7
3 4 5 7
2 4 5 6

11
7 9 10
8 9 11
8 10 11
7 9 11
7 10 11
8 9 10
1 4 5 9 10 11
2 3 6 9 10 11
1 2 4 6 7 8 10 11
1 3 5 6 7 8 9 11
2 3 4 5 7 8 9 10

16
2 3 4
1 11 12
1 13 14
1 15 16
6 11 12
5 11 12
8 13 14
7 13 14
10 15 16
9 15 16
2 5 6 12
2 5 6 11
3 7 8 14
3 7 8 13
4 9 10 16
4 9 10 15

7
6 7
4 6
5 7
2 5 6 7
3 4 6 7
1 2 4 5 7
1 3 4 5 6

8
5 6 7
5 6 8
5 7 8
6 7 8
1 2 3 6 7 8
1 2 4 5 7 8
1 3 4 5 6 8
2 3 4 5 6 7

7
4 5 7
4 6 7
5 6 7
1 2 5 6 7
1 3 4 6 7
2 3 4 5 7
1 2 3 4 5 6

9
5 8 9
6 7 8
6 7 9
7 8 9
1 6 8 9
2 3 5 7 8 9
2 3 4 6 8 9
1 2 4 5 6 7 9
1 3 4 5 6 7 8

6
2
1 5 6
4 5 6
3 5 6
2 3 4 6
2 3 4 5

7
6 7
3 7
2 7
5 6 7
4 6 7
1 4 5 7
1 2 3 4 5 6

7
2 6 7
1 6 7
4 5 7
3 5 6 7
3 4 6 7
1 2 4 5 7
1 2 3 4 5 6

7
3 5 7
4 6 7
1 5 6 7
2 5 6 7
1 3 4 6 7
2 3 4 5 7
1 2 3 4 5 6

8
8
5 6 8
5 7 8
6 7 8
2 3 6 7 8
2 4 5 7 8
3 4 5 6 8
1 2 3 4 5 6 7

8
7 8
5 7 8
6 7 8
5 6 8
2 4 6 7 8
3 4 5 7 8
1 2 3 5 6 8
1 2 3 4 5 6 7

8
5 6 8
5 7 8
6 7 8
6 7 8
1 2 6 7 8
1 3 4 5 7 8
2 3 4 5 6 8
1 2 3 4 5 6 7

8
8
3 4 8
2 4 8
2 3 8
6 7 8
5 7 8
5 6 8
1 2 3 4 5 6 7

8
8
3 6 8
2 6 8
5 7 8
4 7 8
2 3 7 8
4 5 6 8
1 2 3 4 5 6 7

8
7 8
3 7 8
2 7 8
5 6 8
4 6 8
4 5 8
1 2 3 8
1 2 3 4 5 6 7

8
7 8
3 6 8
2 6 8
5 7 8
4 7 8
2 3 7 8
1 4 5 6 8
1 2 3 4 5 6 7

8
8
3 7 8
2 7 8
5 6 8
4 6 7 8
4 5 7 8
2 3 5 6 8
1 2 3 4 5 6 7

8
7 8
3 7 8
2 7 8
5 6 8
4 6 7 8
4 5 7 8
1 2 3 5 6 8
1 2 3 4 5 6 7

8
8
4 6 8
5 7 8
2 6 7 8
3 6 7 8
2 4 5 7 8
3 4 5 6 8
1 2 3 4 5 6 7

8
7 8
5 6 8
4 7 8
3 6 7 8
2 6 7 8
2 4 5 7 8
1 3 4 5 6 8
1 2 3 4 5 6 7

8
5 8
5 6 8
4 7 8
3 7 8
1 2 6 8
2 5 7 8
3 4 6 8
1 2 3 4 5 6 7

8
2 6 8
1 6 8
4 7 8
3 7 8
6 7 8
1 2 5 8
3 4 5 8
1 2 3 4 5 6 7

8
4 8
3 7 8
2 7 8
1 5 6 8
4 6 7 8
4 5 7 8
2 3 5 6 8
1 2 3 4 5 6 7

8
6 8
3 7 8
2 7 8
5 6 8
4 6 7 8
1 4 5 7 8
2 3 5 6 8
1 2 3 4 5 6 7

8
2 6 8
1 6 8
4 7 8
3 7 8
6 7 8
1 2 5 7 8
3 4 5 6 8
1 2 3 4 5 6 7

8
5 6 8
6 7 8
4 7 8
3 7 8
1 6 7 8
1 2 5 7 8
2 3 4 5 6 8
1 2 3 4 5 6 7

8
6 7 8
4 6 8
5 7 8
2 6 7 8
3 6 7 8
1 2 4 5 7 8
1 3 4 5 6 8
1 2 3 4 5 6 7

8
5 6 8
4 7 8
4 6 7 8
2 3 7 8
1 6 7 8
1 3 5 7 8
2 3 4 5 6 8
1 2 3 4 5 6 7

8
3 8
5 7 8
1 4 6 8
3 6 7 8
2 6 7 8
3 4 5 7 8
2 4 5 6 8
1 2 3 4 5 6 7

8
4 8
5 7 8
6 7 8
1 5 6 8
2 4 6 7 8
3 4 5 7 8
2 3 5 6 8
1 2 3 4 5 6 7

8
5 8
5 7 8
4 6 8
3 6 7 8
1 2 6 7 8
3 4 5 7 8
2 4 5 6 8
1 2 3 4 5 6 7

8
4 7 8
6 7 8
5 6 8
1 5 7 8
3 4 6 7 8
2 3 5 7 8
1 2 4 5 6 8
1 2 3 4 5 6 7

8
5 6 8
3 7 8
2 7 8
5 6 7 8
1 4 6 8
1 4 5 8
2 3 4 8
1 2 3 4 5 6 7

8
2 6 8
1 6 8
4 7 8
3 5 7 8
4 6 7 8
1 2 5 7 8
3 4 5 6 8
1 2 3 4 5 6 7

8
2 5 8
1 5 8
6 7 8
6 7 8
1 2 6 7 8
3 4 5 7 8
3 4 5 6 8
1 2 3 4 5 6 7

8
4 5 8
6 7 8
6 7 8
1 5 7 8
1 4 6 7 8
2 3 5 7 8
2 3 4 5 6 8
1 2 3 4 5 6 7

8
2 3 8
1 3 8
1 2 8
6 7 8
6 7 8
4 5 7 8
4 5 6 8
1 2 3 4 5 6 7

8
5 7 8
5 7 8
4 6 8
3 6 8
1 2 7 8
3 4 7 8
1 2 5 6 8
1 2 3 4 5 6 7

8
4 8
4 7 8
5 6 8
1 2 7 8
3 6 7 8
3 5 7 8
2 4 5 6 8
1 2 3 4 5 6 7

8
4 7 8
4 7 8
5 6 8
1 2 7 8
3 6 7 8
3 5 7 8
1 2 4 5 6 8
1 2 3 4 5 6 7

8
3 4 8
5 6 8
1 4 7 8
1 3 7 8
2 6 7 8
2 5 7 8
3 4 5 6 8
1 2 3 4 5 6 7

8
3 6 8
4 7 8
1 5 6 8
2 5 7 8
3 4 6 7 8
1 3 5 7 8
2 4 5 6 8
1 2 3 4 5 6 7

9
4 9
6 8 9
7 8 9
1 5 7 9
4 7 8 9
2 7 8 9
3 4 5 6 8 9
2 3 5 6 7 9
1 2 3 4 5 6 7 8

9
9
7
8
5 9
4 9
7 8 9
2 6 8 9
3 6 7 9
1 4 5 6 7 8

10
2 9 10
1 9 10
4 9 10
3 9 10
6 9 10
5 9 10
8 9 10
7 9 10
1 2 3 4 5 6 7 8 10
1 2 3 4 5 6 7 8 9

10
8
9
10
8 9
8 10
9 10
8 9 10
1 4 5 7 9 10
2 4 6 7 8 10
3 5 6 7 8 9

11
9 10 11
9 10 11
9 10 11
9 10 11
9 10 11
9 10 11
9 10 11
9 10 11
1 2 3 4 5 6 7 8 10 11
1 2 3 4 5 6 7 8 9 11
1 2 3 4 5 6 7 8 9 10

11
8
9 10
9 11
10 11
8 9 10
8 9 11
8 10 11
1 5 6 7 9 10 11
2 3 5 6 8 10 11
2 4 5 7 8 9 11
3 4 6 7 8 9 10

11
9
9
10
11
11
10
9 10 11
9 10 11
1 2 7 8 10 11
3 6 7 8 9 11
4 5 7 8 9 10

12
9
10
11
12
9 10 11
9 10 12
9 11 12
10 11 12
1 5 6 7 10 11 12
2 5 6 8 9 11 12
3 5 7 8 9 10 12
4 6 7 8 9 10 11

12
2 9 10
1 9 10
4 9 10
3 9 10
6 11 12
5 11 12
8 11 12
7 11 12
1 2 3 4 10 11 12
1 2 3 4 9 11 12
5 6 7 8 9 10 12
5 6 7 8 9 10 11

12
9 10 11
9 10 12
9 11 12
10 11 12
10 11 12
9 11 12
9 10 12
9 10 11
1 2 3 6 7 8 10 11 12
1 2 4 5 7 8 9 11 12
1 3 4 5 6 8 9 10 12
2 3 4 5 6 7 9 10 11

8
5 6
5 7
6 8
7 8
1 2 6 7 8
1 3 5 7 8
2 4 5 6 8
3 4 5 6 7

8
8
8
6 7
6 7 8
6 7 8
3 4 5 7 8
3 4 5 6 8
1 2 4 5 6 7

8
4
4
6 7 8
1 2 5
4 6 7 8
3 5 7 8
3 5 6 8
3 5 6 7

8
7 8
4 7
5 8
2 6 7 8
3 6 7 8
4 5 7 8
1 2 4 5 6 8
1 3 4 5 6 7

7
5 6
5 7
6 7
5 6 7
1 2 4 6 7
1 3 4 5 7
2 3 4 5 6

8
7 8
4 8
5 8
2 6 7 8
3 6 7 8
4 5 7 8
1 4 5 6 8
1 2 3 4 5 6 7

7
4 7
5 7
6 7
1 5 6 7
2 4 6 7
3 4 5 7
1 2 3 4 5 6

6
3 4
5 6
1 4 5 6
1 3 5 6
2 3 4 6
2 3 4 5

6
6
4 5 6
4 5 6
2 3 5 6
2 3 4 6
1 2 3 4 5

6
5 6
4 5 6
4 5 6
2 3 5 6
1 2 3 4 6
1 2 3 4 5

6
3 6
4 5 6
1 4 5 6
2 3 5 6
2 3 4 6
1 2 3 4 5

6
5 6
5 6
4 5 6
3 5 6
1 2 3 4 6
1 2 3 4 5

